chr1	35174	35175	-0.107
chr1	35175	35176	0.18
chr1	35176	35177	-0.508
chr1	35177	35178	0.183
chr1	35178	35179	-0.469
chr1	35179	35180	0.02
chr1	35180	35181	0.224
chr1	35181	35182	0.014
chr1	35182	35183	-0.333
chr1	35183	35184	0.945
chr1	35184	35185	1.552
chr1	35185	35186	-0.328
chr1	35186	35187	-1.57
chr1	35187	35188	-0.134
chr1	35188	35189	-0.719
chr1	35189	35190	0.186
chr1	35190	35191	-2.647
chr1	35191	35192	0.224
chr1	35192	35193	-0.075
chr1	35193	35194	0.195
chr1	35194	35195	-0.812
chr1	35195	35196	-0.044
chr1	35196	35197	0.685
chr1	35197	35199	-0.31
chr1	35199	35200	-0.359
chr1	35200	35201	-2.951
chr1	35201	35202	-0.441
chr1	35202	35203	0.278
chr1	35203	35204	-0.906
chr1	35204	35205	0.938
chr1	35205	35206	-0.32
chr1	35206	35207	0.459
chr1	35207	35208	-0.104
chr1	35208	35209	-0.281
chr1	35209	35210	-0.018
chr1	35210	35211	-0.024
chr1	35211	35212	-0.053
chr1	35212	35213	0.102
chr1	35213	35214	-0.022
chr1	35214	35215	0.835
chr1	35215	35216	-0.216
chr1	35216	35218	1.928
chr1	35218	35219	0.833
chr1	35219	35220	0.523
chr1	35220	35221	0.15
chr1	35221	35222	-0.244
chr1	35222	35223	0.501
chr1	35223	35224	0.038
chr1	35224	35225	-1.525
chr1	35225	35226	-0.632
chr1	35226	35227	-1.498
chr1	35227	35228	0.023
chr1	35228	35229	0.464
chr1	35229	35230	-0.558
chr1	35230	35231	2.29
chr1	35231	35232	0.186
chr1	35232	35233	-0.11
chr1	35233	35234	0.549
chr1	35234	35235	0.014
chr1	35235	35236	0.313
chr1	35236	35237	0.773
chr1	35237	35238	-1.696
chr1	35238	35239	0.144
chr1	35239	35240	-2.485
chr1	35240	35241	0.768
chr1	35241	35242	1.115
chr1	35242	35243	0.01
chr1	35243	35244	-0.05
chr1	35244	35245	0.289
chr1	35245	35246	-0.061
chr1	35246	35247	-0.696
chr1	35247	35248	0.148
chr1	35248	35249	0.503
chr1	35249	35250	0.136
chr1	35250	35251	-0.077
chr1	35251	35252	-0.001
chr1	35252	35253	0.14
chr1	35253	35254	-0.538
chr1	35254	35255	0.433
chr1	35255	35256	-1.474
chr1	35256	35257	-0.453
chr1	35257	35258	-0.026
chr1	35258	35259	0.44
chr1	35259	35260	-0.319
chr1	35260	35261	0.35
chr1	35261	35262	0.872
chr1	35262	35263	-0.396
chr1	35263	35264	0.904
chr1	35264	35265	-0.665
chr1	35265	35266	-0.024
chr1	35266	35267	-0.004
chr1	35267	35268	0.141
chr1	35268	35269	-0.317
chr1	35269	35270	0.828
chr1	35270	35271	0.046
chr1	35271	35272	-0.064
chr1	35272	35273	0.693
chr1	35273	35274	0.206
chr1	35274	35275	0.891
chr1	35275	35276	-1.248
