chr1	1198766	1198767	7.259
chr1	1198767	1198768	7.463
chr1	1198768	1198769	0.525
chr1	1198769	1198770	0.079
chr1	1198770	1198771	0.392
chr1	1198771	1198772	0.989
chr1	1198772	1198773	0.059
chr1	1198773	1198774	5.409
chr1	1198774	1198775	0.688
chr1	1198775	1198776	1.509
chr1	1198776	1198777	-0.053
chr1	1198777	1198778	0.291
chr1	1198778	1198779	1.086
chr1	1198779	1198780	0.166
chr1	1198780	1198781	-0.632
chr1	1198781	1198782	1.478
chr1	1198782	1198783	2.456
chr1	1198783	1198784	0.733
chr1	1198784	1198785	2.661
chr1	1198785	1198786	-0.009
chr1	1198786	1198787	2.232
chr1	1198787	1198788	-0.13
chr1	1198788	1198789	0.795
chr1	1198789	1198790	0.507
chr1	1198790	1198791	0.007
chr1	1198791	1198792	1.374
chr1	1198792	1198793	1.995
chr1	1198793	1198794	-0.212
chr1	1198794	1198795	0.036
chr1	1198795	1198796	-0.08
chr1	1198796	1198797	0.67
chr1	1198797	1198798	0.269
chr1	1198798	1198799	-0.204
chr1	1198799	1198800	-0.777
chr1	1198800	1198801	-0.452
chr1	1198801	1198802	0.912
chr1	1198802	1198803	-0.959
chr1	1198803	1198804	-1.159
chr1	1198804	1198805	-0.807
chr1	1198805	1198806	0.091
chr1	1198806	1198807	-0.231
chr1	1198807	1198808	-0.364
chr1	1198808	1198809	0.034
chr1	1198809	1198810	-1.175
chr1	1198810	1198811	-0.149
chr1	1198811	1198812	-0.17
chr1	1198812	1198813	-0.979
chr1	1198813	1198814	1.781
chr1	1198814	1198815	-0.501
chr1	1198815	1198816	0.338
chr1	1198816	1198817	0.624
chr1	1198817	1198818	0.846
chr1	1198818	1198819	0.006
chr1	1198819	1198820	-0.198
chr1	1198820	1198821	0.503
chr1	1198821	1198822	-0.667
chr1	1198822	1198823	0.002
chr1	1198823	1198824	0.468
chr1	1198824	1198825	-0.857
chr1	1198825	1198826	-1.635
chr1	1198826	1198827	0.54
chr1	1198827	1198828	-0.007
chr1	1198828	1198829	-0.44
chr1	1198829	1198830	0.348
chr1	1198830	1198831	-0.966
chr1	1198831	1198832	-0.31
chr1	1198832	1198833	-0.608
chr1	1198833	1198834	0.334
chr1	1198834	1198835	0.431
chr1	1198835	1198836	-0.145
chr1	1198836	1198837	0.024
chr1	1198837	1198838	-0.473
chr1	1198838	1198839	-0.909
chr1	1198839	1198840	0.675
chr1	1198840	1198841	0.934
chr1	1198841	1198842	0.083
chr1	1198842	1198843	1.345
chr1	1198843	1198844	1.15
chr1	1198844	1198845	-0.048
chr1	1198845	1198846	-0.794
chr1	1198846	1198847	-0.063
chr1	1198847	1198848	-1.059
chr1	1198848	1198849	-1.323
chr1	1198849	1198850	-0.457
chr1	1198850	1198851	0.053
chr1	1198851	1198852	-0.299
chr1	1198852	1198853	2.045
chr1	1198853	1198854	0.788
chr1	1198854	1198855	0.208
chr1	1198855	1198856	0.033
chr1	1198856	1198857	0.113
chr1	1198857	1198858	-0.308
chr1	1198858	1198859	-0.374
chr1	1198859	1198860	-0.21
chr1	1198860	1198861	0.249
chr1	1198861	1198862	0.208
chr1	1198862	1198863	1.33
chr1	1198863	1198864	-0.63
chr1	1198864	1198865	-0.207
chr1	1198865	1198866	-2.748
chr1	1198866	1198867	-0.112
chr1	1198867	1198868	-0.916
chr1	1198868	1198869	1.113
chr1	1198869	1198870	0.544
chr1	1198870	1198871	0.151
chr1	1198871	1198872	0.339
chr1	1198872	1198873	0.647
chr1	1198873	1198874	-0.649
chr1	1198874	1198875	0.08
chr1	1198875	1198876	-0.054
chr1	1198876	1198877	0.089
chr1	1198877	1198878	-1.847
chr1	1198878	1198879	-0.469
chr1	1198879	1198880	-1.259
chr1	1198880	1198881	-0.032
chr1	1198881	1198882	0.157
chr1	1198882	1198883	-1.717
chr1	1198883	1198884	-0.633
chr1	1198884	1198885	0.139
chr1	1198885	1198886	-0.147
chr1	1198886	1198887	-1.272
chr1	1198887	1198888	0.163
chr1	1198888	1198889	-0.232
chr1	1198889	1198890	-1.514
chr1	1198890	1198891	-0.864
chr1	1198891	1198892	0.255
chr1	1198892	1198893	0.109
chr1	1198893	1198894	-0.344
chr1	1198894	1198895	0.982
chr1	1198895	1198896	0.477
chr1	1198896	1198897	-0.898
chr1	1198897	1198898	-1.758
chr1	1198898	1198899	-1.928
chr1	1198899	1198900	-0.669
chr1	1198900	1198901	-0.091
chr1	1198901	1198902	-0.499
chr1	1198902	1198903	-0.864
chr1	1198903	1198904	-0.619
chr1	1198904	1198905	-0.488
chr1	1198905	1198906	-0.572
chr1	1198906	1198907	-2.314
chr1	1198907	1198908	-1.193
chr1	1198908	1198909	-0.139
chr1	1198909	1198910	-0.687
chr1	1198910	1198911	0.031
chr1	1198911	1198912	0.075
chr1	1198912	1198913	-2.462
chr1	1198913	1198914	-0.109
chr1	1198914	1198915	-0.282
chr1	1198915	1198916	-0.564
chr1	1198916	1198917	-0.676
chr1	1198917	1198918	-0.33
chr1	1198918	1198919	0.157
chr1	1198919	1198920	0.161
chr1	1198920	1198921	-1.181
chr1	1198921	1198922	-0.542
chr1	1198922	1198923	-0.29
chr1	1198923	1198924	-0.021
chr1	1198924	1198925	-0.464
chr1	1198925	1198926	-0.451
chr1	1198926	1198927	-1.68
chr1	1198927	1198928	0.313
chr1	1198928	1198929	-1.443
chr1	1198929	1198930	-0.384
chr1	1198930	1198931	-1.543
chr1	1198931	1198932	-1.067
chr1	1198932	1198933	0.09
chr1	1198933	1198934	-1.897
chr1	1198934	1198935	1.304
chr1	1198935	1198936	-0.424
chr1	1198936	1198937	0.191
chr1	1198937	1198938	-0.045
chr1	1198938	1198939	0.11
chr1	1198939	1198940	-0.391
chr1	1198940	1198941	-0.009
chr1	1198941	1198942	-0.708
chr1	1198942	1198943	0.036
chr1	1198943	1198944	-0.073
chr1	1198944	1198945	-0.394
chr1	1198945	1198946	-1.998
chr1	1198946	1198947	-0.049
chr1	1198947	1198948	0.425
chr1	1198948	1198949	-0.161
chr1	1198949	1198950	-2.285
chr1	1198950	1198951	-1.142
chr1	1198951	1198952	-0.344
chr1	1198952	1198953	-0.113
chr1	1198953	1198954	0.168
chr1	1198954	1198955	-1.452
chr1	1198955	1198956	-1.672
chr1	1198956	1198957	0.07
chr1	1198957	1198958	0.106
chr1	1198958	1198959	-2.014
chr1	1198959	1198960	0.186
chr1	1198960	1198961	-0.461
chr1	1198961	1198962	0.148
chr1	1198962	1198963	-0.539
chr1	1198963	1198964	-0.239
chr1	1198964	1198965	-0.046
chr1	1198965	1198966	-1.063
chr1	1198966	1198967	-0.136
chr1	1198967	1198968	-0.065
chr1	1198968	1198969	-1.186
chr1	1198969	1198970	-0.301
chr1	1198970	1198971	0.226
chr1	1198971	1198972	-0.004
chr1	1198972	1198973	0.465
chr1	1198973	1198974	-1.009
chr1	1198974	1198975	-0.297
chr1	1198975	1198976	0.177
chr1	1198976	1198977	-0.396
chr1	1198977	1198978	0.051
chr1	1198978	1198979	-0.363
chr1	1198979	1198980	0.324
chr1	1198980	1198981	-0.523
chr1	1198981	1198982	-2.002
chr1	1198982	1198983	0.656
chr1	1198983	1198984	-0.333
chr1	1198984	1198985	0.212
chr1	1198985	1198986	-1.402
chr1	1198986	1198987	-0.424
chr1	1198987	1198988	-2.104
chr1	1198988	1198989	-0.378
chr1	1198989	1198990	-0.326
chr1	1198990	1198991	-2.271
chr1	1198991	1198992	-1.579
chr1	1198992	1198993	-1.665
chr1	1198993	1198994	0.752
chr1	1198994	1198995	-0.782
chr1	1198995	1198996	-0.364
chr1	1198996	1198997	-0.166
chr1	1198997	1198998	0.238
chr1	1198998	1198999	-0.184
chr1	1198999	1199000	-0.858
chr1	1199000	1199001	0.309
chr1	1199001	1199002	-0.19
chr1	1199002	1199003	-0.562
chr1	1199003	1199004	-0.264
chr1	1199004	1199005	0.23
chr1	1199005	1199006	0.006
chr1	1199006	1199007	1.214
chr1	1199007	1199008	0.055
chr1	1199008	1199009	0.083
chr1	1199009	1199010	-0.222
chr1	1199010	1199011	0.115
chr1	1199011	1199012	0.616
chr1	1199012	1199013	0.351
chr1	1199013	1199014	-1.08
chr1	1199014	1199015	0.33
chr1	1199015	1199016	0.034
chr1	1199016	1199017	-0.922
chr1	1199017	1199018	0.038
chr1	1199018	1199019	-0.795
chr1	1199019	1199020	0.205
chr1	1199020	1199021	-1.249
chr1	1199021	1199022	0.12
chr1	1199022	1199023	-0.372
chr1	1199023	1199024	2.636
chr1	1199024	1199025	0.135
chr1	1199025	1199026	-0.778
chr1	1199026	1199027	0.76
chr1	1199027	1199028	-0.423
chr1	1199028	1199029	2.879
chr1	1199029	1199030	-0.202
chr1	1199030	1199031	-1.072
chr1	1199031	1199032	0.724
chr1	1199032	1199033	-1.843
chr1	1199033	1199034	-0.423
chr1	1199034	1199035	0.486
chr1	1199035	1199036	0.208
chr1	1199036	1199037	0.626
chr1	1199037	1199038	0.268
chr1	1199038	1199039	1.428
chr1	1199039	1199040	0.194
chr1	1199040	1199041	1.417
chr1	1199041	1199042	-2.902
chr1	1199042	1199043	-0.422
chr1	1199043	1199044	-0.103
chr1	1199044	1199045	0.179
chr1	1199045	1199046	-0.94
chr1	1199046	1199047	0.101
chr1	1199047	1199048	-0.624
chr1	1199048	1199049	-0.36
chr1	1199049	1199050	0.432
chr1	1199050	1199051	-1.257
chr1	1199051	1199052	-1.287
chr1	1199052	1199053	-0.074
chr1	1199053	1199054	0.065
chr1	1199054	1199055	0.101
chr1	1199055	1199056	0.1
chr1	1199056	1199057	0.054
chr1	1199057	1199058	-0.444
chr1	1199058	1199059	0.037
chr1	1199059	1199060	-0.608
chr1	1199060	1199061	1.236
chr1	1199061	1199062	-1.367
chr1	1199062	1199063	0.369
chr1	1199063	1199064	0.1
chr1	1199064	1199065	-1.726
chr1	1199065	1199066	-0.09
chr1	1199066	1199067	0.372
chr1	1199067	1199068	0.177
chr1	1199068	1199069	-0.244
chr1	1199069	1199070	1.516
chr1	1199070	1199071	-3.814
chr1	1199071	1199072	-0.757
chr1	1199072	1199073	0.238
chr1	1199073	1199074	0.256
chr1	1199074	1199075	0.279
chr1	1199075	1199076	-2.115
chr1	1199076	1199077	-0.646
chr1	1199077	1199078	-0.007
chr1	1199078	1199079	-0.096
chr1	1199079	1199080	1.242
chr1	1199080	1199081	-0.332
chr1	1199081	1199082	0.992
chr1	1199082	1199083	0.417
chr1	1199083	1199084	-0.176
chr1	1199084	1199085	0.569
chr1	1199085	1199086	-0.626
chr1	1199086	1199087	0.019
chr1	1199087	1199088	-0.419
chr1	1199088	1199089	-0.083
chr1	1199089	1199090	-0.05
chr1	1199090	1199091	-0.109
chr1	1199091	1199092	-0.024
chr1	1199092	1199093	0.156
chr1	1199093	1199094	0.199
chr1	1199094	1199095	-0.414
chr1	1199095	1199096	-0.549
chr1	1199096	1199097	-0.862
chr1	1199097	1199098	-0.206
chr1	1199098	1199099	2.323
chr1	1199099	1199100	1.045
chr1	1199100	1199101	-0.038
chr1	1199101	1199102	-1.042
chr1	1199102	1199103	-0.421
chr1	1199103	1199104	0.273
chr1	1199104	1199105	0.335
chr1	1199105	1199106	-0.656
chr1	1199106	1199107	0.288
chr1	1199107	1199108	2.149
chr1	1199108	1199109	-0.415
chr1	1199109	1199110	-0.007
chr1	1199110	1199111	1.361
chr1	1199111	1199112	-0.288
chr1	1199112	1199113	1.497
chr1	1199113	1199114	-0.097
chr1	1199114	1199115	0.066
chr1	1199115	1199116	0.686
chr1	1199116	1199117	0.584
chr1	1199117	1199118	-0.63
chr1	1199118	1199119	0.432
chr1	1199119	1199120	-0.51
chr1	1199120	1199121	-0.516
chr1	1199121	1199122	-0.167
chr1	1199122	1199123	-1.432
chr1	1199123	1199124	-0.631
chr1	1199124	1199125	-0.495
chr1	1199125	1199126	-0.695
chr1	1199126	1199127	0.82
chr1	1199127	1199128	0.005
chr1	1199128	1199129	-1.031
chr1	1199129	1199130	0.013
chr1	1199130	1199131	-0.487
chr1	1199131	1199132	0.627
chr1	1199132	1199133	-0.962
chr1	1199133	1199134	-0.201
chr1	1199134	1199135	-0.189
chr1	1199135	1199136	-0.164
chr1	1199136	1199137	-0.278
chr1	1199137	1199138	0.682
chr1	1199138	1199139	-1.034
chr1	1199139	1199140	0.652
chr1	1199140	1199141	-2.115
chr1	1199141	1199142	-0.22
chr1	1199142	1199143	-0.042
chr1	1199143	1199144	-0.129
chr1	1199144	1199145	-0.616
chr1	1199145	1199146	-1.302
chr1	1199146	1199147	-0.014
chr1	1199147	1199148	0.892
chr1	1199148	1199149	0.029
chr1	1199149	1199150	0.021
chr1	1199150	1199151	-0.754
chr1	1199151	1199152	-0.695
chr1	1199152	1199153	-2.573
chr1	1199153	1199154	0.767
chr1	1199154	1199155	-0.68
chr1	1199155	1199156	0.215
chr1	1199156	1199157	0.552
chr1	1199157	1199158	-0.259
chr1	1199158	1199159	0.552
chr1	1199159	1199161	0.465
chr1	1199161	1199162	0.212
chr1	1199162	1199163	0.241
chr1	1199163	1199165	0.552
chr1	1199165	1199166	0.607
chr1	1199166	1199167	-0.31
chr1	1199167	1199168	-0.916
chr1	1199168	1199169	0.436
chr1	1199169	1199170	-0.429
chr1	1199170	1199171	0.251
chr1	1199171	1199172	0.696
chr1	1199172	1199173	-0.217
chr1	1199173	1199174	-1.051
chr1	1199174	1199175	-0.257
chr1	1199175	1199176	0.603
chr1	1199176	1199177	-1.022
chr1	1199177	1199178	-0.691
chr1	1199178	1199179	-0.232
chr1	1199179	1199180	-0.217
chr1	1199180	1199181	0.615
chr1	1199181	1199182	-0.134
chr1	1199182	1199183	-0.175
chr1	1199183	1199184	-0.12
chr1	1199184	1199185	-0.232
chr1	1199185	1199186	0.696
chr1	1199186	1199187	0.489
chr1	1199187	1199188	0.428
chr1	1199188	1199189	0.489
chr1	1199189	1199190	-0.864
chr1	1199190	1199191	0.696
chr1	1199191	1199192	-0.792
chr1	1199192	1199193	-0.217
chr1	1199193	1199195	0.696
chr1	1199195	1199196	-0.713
chr1	1199196	1199197	-0.096
chr1	1199197	1199198	-0.217
chr1	1199198	1199199	-0.303
chr1	1199199	1199200	-0.201
chr1	1199200	1199201	-0.227
chr1	1199201	1199202	-0.134
chr1	1199202	1199203	0.603
chr1	1199203	1199204	-0.282
chr1	1199204	1199205	0.47
chr1	1199205	1199206	-0.468
chr1	1199206	1199207	-0.371
chr1	1199207	1199208	0.241
chr1	1199208	1199210	0.215
chr1	1199210	1199211	-2.114
chr1	1199211	1199220	0.241
chr1	1199220	1199221	0.234
chr1	1199221	1199222	0.6
chr1	1199222	1199223	-1.152
chr1	1199223	1199224	-0.428
chr1	1199224	1199225	-1.304
chr1	1199225	1199226	0.605
chr1	1199226	1199227	0.632
chr1	1199227	1199228	-0.269
chr1	1199228	1199229	-1.272
chr1	1199229	1199230	-1.736
chr1	1199230	1199231	-0.316
chr1	1199231	1199232	-0.268
chr1	1199232	1199233	-0.532
chr1	1199233	1199234	-1.047
chr1	1199234	1199235	-0.359
chr1	1199235	1199236	-0.316
chr1	1199236	1199237	-1.052
chr1	1199237	1199238	-0.287
chr1	1199238	1199239	-0.322
chr1	1199239	1199240	0.632
chr1	1199240	1199241	-0.287
chr1	1199241	1199242	0.632
chr1	1199242	1199243	0.663
chr1	1199243	1199244	-0.12
chr1	1199244	1199245	-0.172
chr1	1199245	1199246	-0.097
chr1	1199246	1199247	-0.376
chr1	1199247	1199248	0.526
chr1	1199248	1199249	0.537
chr1	1199249	1199250	0.632
chr1	1199250	1199251	-0.971
chr1	1199251	1199252	-0.153
chr1	1199252	1199253	-0.77
chr1	1199253	1199254	-0.358
chr1	1199254	1199255	-0.284
chr1	1199255	1199256	-0.235
chr1	1199256	1199257	-1.055
chr1	1199257	1199258	-1.082
chr1	1199258	1199259	-0.515
chr1	1199259	1199260	-0.393
chr1	1199260	1199261	0.517
chr1	1199261	1199262	0.453
chr1	1199262	1199263	0.591
chr1	1199263	1199264	-0.245
chr1	1199264	1199265	-0.148
chr1	1199265	1199266	-0.394
chr1	1199266	1199267	0.538
chr1	1199267	1199268	0.517
chr1	1199268	1199270	0.538
chr1	1199270	1199271	0.453
chr1	1199271	1199272	0.462
chr1	1199272	1199273	0.538
chr1	1199273	1199274	0.517
chr1	1199274	1199275	0.538
chr1	1199275	1199276	0.799
chr1	1199276	1199277	0.564
chr1	1199277	1199278	-0.581
chr1	1199278	1199279	0.766
chr1	1199279	1199280	-0.072
chr1	1199280	1199281	0.733
chr1	1199281	1199282	-0.137
chr1	1199282	1199283	-0.072
chr1	1199283	1199284	0.733
chr1	1199284	1199285	-0.909
chr1	1199285	1199286	-0.57
chr1	1199286	1199287	-1.039
chr1	1199287	1199288	-0.97
chr1	1199288	1199289	-1.182
chr1	1199289	1199290	-0.982
chr1	1199290	1199291	-0.137
chr1	1199291	1199292	-1.091
chr1	1199292	1199293	-0.072
chr1	1199293	1199294	-0.57
chr1	1199294	1199295	0.489
chr1	1199295	1199296	-0.559
chr1	1199296	1199297	-0.414
chr1	1199297	1199299	-0.264
chr1	1199299	1199300	0.733
chr1	1199300	1199301	-0.145
chr1	1199301	1199302	-0.277
chr1	1199302	1199303	-0.322
chr1	1199303	1199304	-0.46
chr1	1199304	1199305	-0.3
chr1	1199305	1199306	-0.308
chr1	1199306	1199307	0.678
chr1	1199307	1199308	-0.607
chr1	1199308	1199309	-0.92
chr1	1199309	1199310	-0.86
chr1	1199310	1199311	-0.266
chr1	1199311	1199312	-0.974
chr1	1199312	1199313	-0.934
chr1	1199313	1199314	-0.591
chr1	1199314	1199315	-0.087
chr1	1199315	1199316	-0
chr1	1199316	1199317	-0.588
chr1	1199317	1199318	-0.719
chr1	1199318	1199319	-0.098
chr1	1199319	1199320	-0.734
chr1	1199320	1199321	0.804
chr1	1199321	1199322	-0.71
chr1	1199322	1199323	-1.263
chr1	1199323	1199324	-0.901
chr1	1199324	1199325	-1.926
chr1	1199325	1199326	-1.027
chr1	1199326	1199327	0.727
chr1	1199327	1199328	-0.354
chr1	1199328	1199329	0.678
chr1	1199329	1199330	-0.373
chr1	1199330	1199331	-1.299
chr1	1199331	1199332	-2.107
chr1	1199332	1199333	-1.045
chr1	1199333	1199334	0.564
chr1	1199334	1199335	-0.195
chr1	1199335	1199336	-1.29
chr1	1199336	1199337	-0.304
chr1	1199337	1199338	-0.309
chr1	1199338	1199340	0.564
chr1	1199340	1199341	-1.014
chr1	1199341	1199342	-0.539
chr1	1199342	1199343	-0.897
chr1	1199343	1199344	-1.084
chr1	1199344	1199345	0.582
chr1	1199345	1199346	0.686
chr1	1199346	1199347	-1.995
chr1	1199347	1199348	-1.054
chr1	1199348	1199349	0.568
chr1	1199349	1199350	-0.283
chr1	1199350	1199351	-0.882
chr1	1199351	1199352	0.568
chr1	1199352	1199353	0.653
chr1	1199353	1199354	-0.231
chr1	1199354	1199355	-0.3
chr1	1199355	1199356	0.683
chr1	1199356	1199357	-1.094
chr1	1199357	1199358	-0.139
chr1	1199358	1199359	0.653
chr1	1199359	1199360	0.683
chr1	1199360	1199361	-0.19
chr1	1199361	1199362	-0.251
chr1	1199362	1199364	0.568
chr1	1199364	1199365	-1.242
chr1	1199365	1199366	-0.112
chr1	1199366	1199367	-0.205
chr1	1199367	1199368	-0.23
chr1	1199368	1199369	-0.201
chr1	1199369	1199370	0.526
chr1	1199370	1199371	0.682
chr1	1199371	1199373	0.684
chr1	1199373	1199374	-0.117
chr1	1199374	1199375	-0.162
chr1	1199375	1199378	0.976
chr1	1199378	1199379	0.096
chr1	1199379	1199380	-0.326
chr1	1199380	1199381	0.05
chr1	1199381	1199382	-0.873
chr1	1199382	1199383	-0.038
chr1	1199383	1199384	0.253
chr1	1199384	1199385	-0.186
chr1	1199385	1199386	-0.455
chr1	1199386	1199387	1.094
chr1	1199387	1199388	1.254
chr1	1199388	1199389	0.051
chr1	1199389	1199390	-0.177
chr1	1199390	1199391	-0.443
chr1	1199391	1199392	0.285
chr1	1199392	1199393	-0.827
chr1	1199393	1199394	0.436
chr1	1199394	1199395	0.111
chr1	1199395	1199396	0.078
chr1	1199396	1199397	0.011
chr1	1199397	1199398	-3.23
chr1	1199398	1199399	-0.741
chr1	1199399	1199400	-3.431
chr1	1199400	1199401	-0.199
chr1	1199401	1199402	-0.089
chr1	1199402	1199403	-0.192
chr1	1199403	1199404	0.496
chr1	1199404	1199405	0.406
chr1	1199405	1199406	0.599
chr1	1199406	1199407	-0.126
chr1	1199407	1199408	-0.075
chr1	1199408	1199409	0.817
chr1	1199409	1199410	0.108
chr1	1199410	1199411	-0.529
chr1	1199411	1199412	0.649
chr1	1199412	1199413	-0.293
chr1	1199413	1199414	-0.448
chr1	1199414	1199415	-0.331
chr1	1199415	1199416	-0.341
chr1	1199416	1199417	-0.303
chr1	1199417	1199418	0.515
chr1	1199418	1199419	0.115
chr1	1199419	1199420	-0.373
chr1	1199420	1199421	-0.198
chr1	1199421	1199422	0.663
chr1	1199422	1199423	-0.013
chr1	1199423	1199424	-0.381
chr1	1199424	1199425	-0.055
chr1	1199425	1199426	0.057
chr1	1199426	1199427	-1.154
chr1	1199427	1199428	-0.16
chr1	1199428	1199429	-0.282
chr1	1199429	1199430	0.107
chr1	1199430	1199431	0.298
chr1	1199431	1199432	-0.422
chr1	1199432	1199433	0.298
chr1	1199433	1199434	-0.075
chr1	1199434	1199435	-0.544
chr1	1199435	1199436	-3.153
chr1	1199436	1199437	-2.151
chr1	1199437	1199438	-0.676
chr1	1199438	1199439	-0.766
chr1	1199439	1199440	-2.822
chr1	1199440	1199441	0.01
chr1	1199441	1199442	-0.155
chr1	1199442	1199443	-0.822
chr1	1199443	1199444	-0.982
chr1	1199444	1199445	0.125
chr1	1199445	1199446	1.926
chr1	1199446	1199447	-1.824
chr1	1199447	1199448	-0.789
chr1	1199448	1199449	-2.131
chr1	1199449	1199450	1.072
chr1	1199450	1199451	-0.08
chr1	1199451	1199452	0.511
chr1	1199452	1199453	0.017
chr1	1199453	1199454	-1.292
chr1	1199454	1199455	0.158
chr1	1199455	1199456	0.529
chr1	1199456	1199457	-1.406
chr1	1199457	1199458	-0.249
chr1	1199458	1199459	0.099
chr1	1199459	1199460	-0.566
chr1	1199460	1199461	0.228
chr1	1199461	1199462	1.188
chr1	1199462	1199463	-1.636
chr1	1199463	1199464	0.123
chr1	1199464	1199465	-0.728
chr1	1199465	1199466	1.054
chr1	1199466	1199467	2.434
chr1	1199467	1199468	0.81
chr1	1199468	1199469	-0.236
chr1	1199469	1199470	0.056
chr1	1199470	1199471	1.132
chr1	1199471	1199472	0.284
chr1	1199472	1199473	-0.132
chr1	1199473	1199474	-0.099
chr1	1199474	1199475	-1.402
chr1	1199475	1199476	-2.093
chr1	1199476	1199477	-4.2
chr1	1199477	1199478	2.059
chr1	1199478	1199479	-1.002
chr1	1199479	1199480	-1.44
chr1	1199480	1199481	-0.136
chr1	1199481	1199482	-1.181
chr1	1199482	1199483	-0.56
chr1	1199483	1199484	-0.245
chr1	1199484	1199485	-0.295
chr1	1199485	1199486	0.119
chr1	1199486	1199487	-0.189
chr1	1199487	1199488	-0.862
chr1	1199488	1199489	-1.95
chr1	1199489	1199490	0.001
chr1	1199490	1199491	0.165
chr1	1199491	1199492	0.097
chr1	1199492	1199493	-0.848
chr1	1199493	1199494	-0.581
chr1	1199494	1199495	0.184
chr1	1199495	1199496	1.106
chr1	1199496	1199497	-0.172
chr1	1199497	1199498	-1.088
chr1	1199498	1199499	-0.396
chr1	1199499	1199500	-0.267
chr1	1199500	1199501	-3.028
chr1	1199501	1199502	-1.766
chr1	1199502	1199503	-2.956
chr1	1199503	1199504	-0.895
chr1	1199504	1199505	-0.661
chr1	1199505	1199506	-1.581
chr1	1199506	1199507	-0.841
chr1	1199507	1199508	-1.242
chr1	1199508	1199509	-1.292
chr1	1199509	1199510	-0.249
chr1	1199510	1199511	-0.712
chr1	1199511	1199512	-0.461
chr1	1199512	1199513	0.051
chr1	1199513	1199515	0.272
chr1	1199515	1199516	0.039
chr1	1199516	1199517	-0.478
chr1	1199517	1199518	0.534
chr1	1199518	1199519	0.551
chr1	1199519	1199520	0.547
chr1	1199520	1199521	-0.236
chr1	1199521	1199522	0.464
chr1	1199522	1199523	-0.414
chr1	1199523	1199524	-0.754
chr1	1199524	1199525	-0.686
chr1	1199525	1199526	-0.088
chr1	1199526	1199527	-2.065
chr1	1199527	1199528	-0.345
chr1	1199528	1199529	-1.301
chr1	1199529	1199530	-2.89
chr1	1199530	1199531	-0.683
chr1	1199531	1199532	-1.031
chr1	1199532	1199533	0.315
chr1	1199533	1199534	-0.221
chr1	1199534	1199535	-0.741
chr1	1199535	1199536	-1.394
chr1	1199536	1199537	-0.186
chr1	1199537	1199538	0.618
chr1	1199538	1199539	0.193
chr1	1199539	1199540	0.016
chr1	1199540	1199541	0.217
chr1	1199541	1199542	0.51
chr1	1199542	1199543	0.742
chr1	1199543	1199544	0.773
chr1	1199544	1199545	-0.426
chr1	1199545	1199546	-0.626
chr1	1199546	1199547	-0.323
chr1	1199547	1199548	0.245
chr1	1199548	1199549	-0.106
chr1	1199549	1199550	-0.836
chr1	1199550	1199551	-2.162
chr1	1199551	1199552	0.059
chr1	1199552	1199553	0.881
chr1	1199553	1199554	-0.513
chr1	1199554	1199555	0.25
chr1	1199555	1199556	-0.105
chr1	1199556	1199557	-0.629
chr1	1199557	1199558	-0.016
chr1	1199558	1199559	0.335
chr1	1199559	1199560	0.049
chr1	1199560	1199561	-0.224
chr1	1199561	1199562	0.621
chr1	1199562	1199563	-0.324
chr1	1199563	1199564	-0.004
chr1	1199564	1199565	-0.14
chr1	1199565	1199566	2.582
chr1	1199566	1199567	-0.622
chr1	1199567	1199568	0.24
chr1	1199568	1199569	1.75
chr1	1199569	1199570	1.198
chr1	1199570	1199571	-0.009
chr1	1199571	1199572	0.01
chr1	1199572	1199573	-1.379
chr1	1199573	1199574	-0.07
chr1	1199574	1199575	-1.34
chr1	1199575	1199576	-0.509
chr1	1199576	1199577	0.013
chr1	1199577	1199578	-3.971
chr1	1199578	1199579	-0.473
chr1	1199579	1199580	-1.914
chr1	1199580	1199581	0.882
chr1	1199581	1199582	-0.425
chr1	1199582	1199583	-0.624
chr1	1199583	1199584	2.069
chr1	1199584	1199585	-0.183
chr1	1199585	1199586	0.326
chr1	1199586	1199587	0.226
chr1	1199587	1199588	1.222
chr1	1199588	1199589	0.076
chr1	1199589	1199590	-0.222
chr1	1199590	1199591	0.033
chr1	1199591	1199592	0.052
chr1	1199592	1199593	-0.61
chr1	1199593	1199594	-1.886
chr1	1199594	1199595	-0.143
chr1	1199595	1199596	0.369
chr1	1199596	1199597	-0.042
chr1	1199597	1199598	2.017
chr1	1199598	1199599	-0.249
chr1	1199599	1199600	0.9
chr1	1199600	1199601	0.003
chr1	1199601	1199602	-0.134
chr1	1199602	1199603	-0.31
chr1	1199603	1199604	0.281
chr1	1199604	1199605	-0.706
chr1	1199605	1199606	-0.008
chr1	1199606	1199607	0.496
chr1	1199607	1199608	0.273
chr1	1199608	1199609	-0.265
chr1	1199609	1199610	0.119
chr1	1199610	1199611	0.127
chr1	1199611	1199612	-2.016
chr1	1199612	1199613	-0.376
chr1	1199613	1199614	0.316
chr1	1199614	1199615	0.818
chr1	1199615	1199616	0.022
chr1	1199616	1199617	0.329
chr1	1199617	1199618	1.247
chr1	1199618	1199619	0.325
chr1	1199619	1199620	0.422
chr1	1199620	1199621	-1.093
chr1	1199621	1199622	-0.344
chr1	1199622	1199623	0.101
chr1	1199623	1199624	0.15
chr1	1199624	1199625	-0.397
chr1	1199625	1199626	-0.339
chr1	1199626	1199627	-0.005
chr1	1199627	1199628	-1.033
chr1	1199628	1199629	0.149
chr1	1199629	1199630	-0.584
chr1	1199630	1199631	-0.039
chr1	1199631	1199632	-0.947
chr1	1199632	1199633	-0.955
chr1	1199633	1199634	-1.92
chr1	1199634	1199635	-2.69
chr1	1199635	1199636	-0.576
chr1	1199636	1199637	-0.135
chr1	1199637	1199638	-0.875
chr1	1199638	1199639	-1.035
chr1	1199639	1199640	-1.659
chr1	1199640	1199641	-0.547
chr1	1199641	1199642	0.142
chr1	1199642	1199643	-0.113
chr1	1199643	1199644	-0.115
chr1	1199644	1199645	-0.43
chr1	1199645	1199646	-0.283
chr1	1199646	1199647	-2.62
chr1	1199647	1199648	-2.717
chr1	1199648	1199649	-1.901
chr1	1199649	1199650	-0.813
chr1	1199650	1199651	-0.524
chr1	1199651	1199652	-0.002
chr1	1199652	1199653	0.011
chr1	1199653	1199654	-0.102
chr1	1199654	1199655	-1.098
chr1	1199655	1199656	-0.591
chr1	1199656	1199657	-0.926
chr1	1199657	1199658	-1.701
chr1	1199658	1199659	-0.669
chr1	1199659	1199660	0.041
chr1	1199660	1199661	-0.287
chr1	1199661	1199662	2.408
chr1	1199662	1199663	-1.331
chr1	1199663	1199664	-0.024
chr1	1199664	1199665	-0.548
chr1	1199665	1199666	0.166
chr1	1199666	1199667	-2.551
chr1	1199667	1199668	-1.119
chr1	1199668	1199669	-0.168
chr1	1199669	1199670	0.026
chr1	1199670	1199671	-0.075
chr1	1199671	1199672	-0.631
chr1	1199672	1199673	-0.136
chr1	1199673	1199674	-0.511
chr1	1199674	1199675	-0.556
chr1	1199675	1199676	-0.732
chr1	1199676	1199677	-0.669
chr1	1199677	1199678	0.51
chr1	1199678	1199679	0.408
chr1	1199679	1199680	-0.915
chr1	1199680	1199681	-0.849
chr1	1199681	1199682	-0.765
chr1	1199682	1199683	-3.746
chr1	1199683	1199684	-0.873
chr1	1199684	1199685	-0.637
chr1	1199685	1199686	0.427
chr1	1199686	1199687	-0.279
chr1	1199687	1199688	-0.021
chr1	1199688	1199689	0.071
chr1	1199689	1199690	-0.147
chr1	1199690	1199691	-0.761
chr1	1199691	1199692	-0.429
chr1	1199692	1199693	-0.62
chr1	1199693	1199694	-0.707
chr1	1199694	1199695	0.167
chr1	1199695	1199696	-1.047
chr1	1199696	1199697	1.123
chr1	1199697	1199698	0.861
chr1	1199698	1199699	0.499
chr1	1199699	1199700	0.143
chr1	1199700	1199701	-0.065
chr1	1199701	1199702	1.683
chr1	1199702	1199703	0.613
chr1	1199703	1199704	-0.425
chr1	1199704	1199705	0.18
chr1	1199705	1199706	-4.417
chr1	1199706	1199707	-1.629
chr1	1199707	1199708	-0.653
chr1	1199708	1199709	-0.491
chr1	1199709	1199710	-0.431
chr1	1199710	1199711	0.447
chr1	1199711	1199712	-0.122
chr1	1199712	1199713	-0.022
chr1	1199713	1199714	1.066
chr1	1199714	1199715	2.834
chr1	1199715	1199716	-0.212
chr1	1199716	1199717	1.275
chr1	1199717	1199718	-0.313
chr1	1199718	1199719	0.322
chr1	1199719	1199720	1.447
chr1	1199720	1199721	1.473
chr1	1199721	1199722	2.763
chr1	1199722	1199723	1.018
chr1	1199723	1199724	1.471
chr1	1199724	1199725	-0.058
chr1	1199725	1199726	2.642
chr1	1199726	1199727	-0.987
chr1	1199727	1199728	-0.085
chr1	1199728	1199729	0.07
chr1	1199729	1199730	0.487
chr1	1199730	1199731	-0.098
chr1	1199731	1199732	1.489
chr1	1199732	1199733	0.48
chr1	1199733	1199734	1.41
chr1	1199734	1199735	0.098
chr1	1199735	1199736	1.015
chr1	1199736	1199737	0.322
chr1	1199737	1199738	-1.974
chr1	1199738	1199739	0.125
chr1	1199739	1199740	0.195
chr1	1199740	1199741	0.321
chr1	1199741	1199742	0.273
chr1	1199742	1199743	-0.191
chr1	1199743	1199744	0.223
chr1	1199744	1199745	-0.975
chr1	1199745	1199746	0.067
chr1	1199746	1199747	-0.13
chr1	1199747	1199748	1.489
chr1	1199748	1199749	0.126
chr1	1199749	1199750	0.253
chr1	1199750	1199751	-3.285
chr1	1199751	1199752	-1.089
chr1	1199752	1199753	-0.141
chr1	1199753	1199754	0.444
chr1	1199754	1199755	-0.778
chr1	1199755	1199756	0.163
chr1	1199756	1199757	0.625
chr1	1199757	1199758	0.681
chr1	1199758	1199759	-0.136
chr1	1199759	1199760	0.395
chr1	1199760	1199761	-0.974
chr1	1199761	1199762	-0.147
chr1	1199762	1199763	0.184
chr1	1199763	1199764	-0.351
chr1	1199764	1199765	0.808
chr1	1199765	1199766	-0.074
chr1	1199766	1199767	-0.339
chr1	1199767	1199768	-0.434
chr1	1199768	1199769	1.16
chr1	1199769	1199770	-0.856
chr1	1199770	1199771	-0.168
chr1	1199771	1199772	1.926
chr1	1199772	1199773	-0.424
chr1	1199773	1199774	-0.217
chr1	1199774	1199775	0.287
chr1	1199775	1199776	0.498
chr1	1199776	1199777	-1.033
chr1	1199777	1199778	-0.658
chr1	1199778	1199779	-0.883
chr1	1199779	1199780	-2.051
chr1	1199780	1199781	-0.81
chr1	1199781	1199782	-1.81
chr1	1199782	1199783	-0.336
chr1	1199783	1199784	-0.098
chr1	1199784	1199785	-0.283
chr1	1199785	1199786	-0.058
chr1	1199786	1199787	-1.057
chr1	1199787	1199788	0.089
chr1	1199788	1199789	-3.279
chr1	1199789	1199790	-1.547
chr1	1199790	1199791	0.185
chr1	1199791	1199792	-0.226
chr1	1199792	1199793	0.359
chr1	1199793	1199794	0.106
chr1	1199794	1199795	-0.128
chr1	1199795	1199796	-1.791
chr1	1199796	1199797	-2.973
chr1	1199797	1199798	0.74
chr1	1199798	1199799	-0.238
chr1	1199799	1199800	-0.202
chr1	1199800	1199801	-0.115
chr1	1199801	1199802	-0.944
chr1	1199802	1199803	-0.287
chr1	1199803	1199804	-0.633
chr1	1199804	1199805	-0.245
chr1	1199805	1199806	-0.128
chr1	1199806	1199807	-2.032
chr1	1199807	1199808	-0.727
chr1	1199808	1199809	-1.562
chr1	1199809	1199810	-0.667
chr1	1199810	1199811	1.216
chr1	1199811	1199812	-1.362
chr1	1199812	1199813	-0.582
chr1	1199813	1199814	-0.98
chr1	1199814	1199815	-1.761
chr1	1199815	1199816	0.204
chr1	1199816	1199817	-0.633
chr1	1199817	1199818	-0.856
chr1	1199818	1199819	-0.525
chr1	1199819	1199820	-0.652
chr1	1199820	1199821	0.157
chr1	1199821	1199822	0.018
chr1	1199822	1199823	1.032
chr1	1199823	1199824	-0.684
chr1	1199824	1199825	-0.164
chr1	1199825	1199826	-0.539
chr1	1199826	1199827	-0.132
chr1	1199827	1199828	-0.053
chr1	1199828	1199829	-0.191
chr1	1199829	1199830	-0.731
chr1	1199830	1199831	-1.408
chr1	1199831	1199832	-0.391
chr1	1199832	1199833	0.032
chr1	1199833	1199835	0.941
chr1	1199835	1199836	1.101
chr1	1199836	1199837	1.155
chr1	1199837	1199838	0.191
chr1	1199838	1199839	0.132
chr1	1199839	1199840	0.941
chr1	1199840	1199841	1.052
chr1	1199841	1199842	-1.358
chr1	1199842	1199843	-0.083
chr1	1199843	1199844	-0.719
chr1	1199844	1199845	-0.495
chr1	1199845	1199846	0.69
chr1	1199846	1199847	-0.039
chr1	1199847	1199848	-1.176
chr1	1199848	1199849	-0.187
chr1	1199849	1199850	-0.81
chr1	1199850	1199851	-0.122
chr1	1199851	1199852	0.666
chr1	1199852	1199853	-0.062
chr1	1199853	1199854	-0.98
chr1	1199854	1199855	-0.715
chr1	1199855	1199857	-0.149
chr1	1199857	1199858	-0.041
chr1	1199858	1199859	0.77
chr1	1199859	1199860	-0.963
chr1	1199860	1199861	-0.062
chr1	1199861	1199862	-0.161
chr1	1199862	1199863	-0.863
chr1	1199863	1199864	-0.145
chr1	1199864	1199865	-0.906
chr1	1199865	1199866	-0.22
chr1	1199866	1199867	-0.825
chr1	1199867	1199870	0.7
chr1	1199870	1199871	0.54
chr1	1199871	1199872	-0.396
chr1	1199872	1199873	-1.329
chr1	1199873	1199874	-1.423
chr1	1199874	1199875	-0.264
chr1	1199875	1199876	0.54
chr1	1199876	1199877	0.454
chr1	1199877	1199878	0.463
chr1	1199878	1199879	-0.558
chr1	1199879	1199880	-0.711
chr1	1199880	1199881	0.54
chr1	1199881	1199882	0.463
chr1	1199882	1199883	-0.32
chr1	1199883	1199884	0.54
chr1	1199884	1199885	0.454
chr1	1199885	1199886	-0.573
chr1	1199886	1199887	0.454
chr1	1199887	1199888	0.518
chr1	1199888	1199889	-0.933
chr1	1199889	1199890	-0.815
chr1	1199890	1199891	-0.937
chr1	1199891	1199892	0.212
chr1	1199892	1199893	-2.259
chr1	1199893	1199894	0.251
chr1	1199894	1199895	0.215
chr1	1199895	1199896	-0.81
chr1	1199896	1199897	0.241
chr1	1199897	1199898	-0.917
chr1	1199898	1199901	0.212
chr1	1199901	1199902	0.241
chr1	1199902	1199903	0.251
chr1	1199903	1199904	-0.944
chr1	1199904	1199905	-1.049
chr1	1199905	1199906	0.212
chr1	1199906	1199907	0.215
chr1	1199907	1199908	0.212
chr1	1199908	1199909	-0.933
chr1	1199909	1199912	0.251
chr1	1199912	1199913	0.241
chr1	1199913	1199914	0.251
chr1	1199914	1199915	-0.821
chr1	1199915	1199917	0.212
chr1	1199917	1199918	-0.819
chr1	1199918	1199919	0.241
chr1	1199919	1199920	0.251
chr1	1199920	1199921	-0.797
chr1	1199921	1199922	0.215
chr1	1199922	1199925	0.251
chr1	1199925	1199926	0.215
chr1	1199926	1199927	-2.231
chr1	1199927	1199928	0.251
chr1	1199928	1199929	0.241
chr1	1199929	1199930	0.215
chr1	1199930	1199931	0.212
chr1	1199931	1199932	0.241
chr1	1199932	1199934	0.212
chr1	1199934	1199935	0.215
chr1	1199935	1199936	0.251
chr1	1199936	1199937	0.241
chr1	1199937	1199938	-0.829
chr1	1199938	1199939	0.251
chr1	1199939	1199940	0.215
chr1	1199940	1199941	0.212
chr1	1199941	1199942	0.241
chr1	1199942	1199944	0.251
chr1	1199944	1199945	0.241
chr1	1199945	1199946	-0.835
chr1	1199946	1199948	0.215
chr1	1199948	1199949	-2.284
chr1	1199949	1199950	0.251
chr1	1199950	1199951	0.241
chr1	1199951	1199952	0.251
chr1	1199952	1199953	0.241
chr1	1199953	1199954	0.212
chr1	1199954	1199955	-1.014
chr1	1199955	1199956	0.241
chr1	1199956	1199957	0.251
chr1	1199957	1199959	0.212
chr1	1199959	1199960	0.215
chr1	1199960	1199962	0.251
chr1	1199962	1199963	0.215
chr1	1199963	1199964	0.212
chr1	1199964	1199966	0.241
chr1	1199966	1199967	0.212
chr1	1199967	1199968	0.241
chr1	1199968	1199969	0.215
chr1	1199969	1199971	0.251
chr1	1199971	1199972	-0.931
chr1	1199972	1199973	-0.801
chr1	1199973	1199976	0.241
chr1	1199976	1199977	0.212
chr1	1199977	1199978	0.215
chr1	1199978	1199980	0.212
chr1	1199980	1199981	-0.8
chr1	1199981	1199982	0.215
chr1	1199982	1199983	0.212
chr1	1199983	1199984	0.215
chr1	1199984	1199985	0.212
chr1	1199985	1199986	0.215
chr1	1199986	1199987	0.241
chr1	1199987	1199988	0.212
chr1	1199988	1199989	0.215
chr1	1199989	1199992	0.241
chr1	1199992	1199993	-0.878
chr1	1199993	1199994	0.241
chr1	1199994	1199995	0.215
chr1	1199995	1199996	0.241
chr1	1199996	1199997	0.212
chr1	1199997	1200000	0.241
chr1	1200000	1200001	-0.862
chr1	1200001	1200002	0.241
chr1	1200002	1200004	0.215
chr1	1200004	1200005	0.241
chr1	1200005	1200007	0.251
chr1	1200007	1200008	0.212
chr1	1200008	1200009	-0.937
chr1	1200009	1200010	-0.796
chr1	1200010	1200012	0.251
chr1	1200012	1200013	-0.933
chr1	1200013	1200014	0.251
chr1	1200014	1200015	0.212
chr1	1200015	1200016	-2.083
chr1	1200016	1200017	0.251
chr1	1200017	1200018	0.215
chr1	1200018	1200020	0.251
chr1	1200020	1200021	-0.945
chr1	1200021	1200022	0.215
chr1	1200022	1200023	0.212
chr1	1200023	1200024	0.241
chr1	1200024	1200025	0.212
chr1	1200025	1200026	0.241
chr1	1200026	1200028	0.212
chr1	1200028	1200029	0.215
chr1	1200029	1200030	0.251
chr1	1200030	1200031	-2.264
chr1	1200031	1200033	0.241
chr1	1200033	1200034	0.215
chr1	1200034	1200037	0.212
chr1	1200037	1200038	0.241
chr1	1200038	1200039	0.251
chr1	1200039	1200040	0.212
chr1	1200040	1200041	0.241
chr1	1200041	1200042	0.212
chr1	1200042	1200045	0.215
chr1	1200045	1200048	0.251
chr1	1200048	1200049	0.241
chr1	1200049	1200051	0.251
chr1	1200051	1200052	0.212
chr1	1200052	1200053	-0.933
chr1	1200053	1200054	0.251
chr1	1200054	1200055	0.241
chr1	1200055	1200056	-0.827
chr1	1200056	1200057	0.251
chr1	1200057	1200058	0.212
chr1	1200058	1200059	0.241
chr1	1200059	1200061	0.251
chr1	1200061	1200062	-2.236
chr1	1200062	1200063	-0.81
chr1	1200063	1200064	0.251
chr1	1200064	1200065	0.241
chr1	1200065	1200066	-0.933
chr1	1200066	1200067	0.215
chr1	1200067	1200068	0.251
chr1	1200068	1200070	0.212
chr1	1200070	1200071	0.215
chr1	1200071	1200072	0.251
chr1	1200072	1200073	0.241
chr1	1200073	1200074	-0.824
chr1	1200074	1200075	0.251
chr1	1200075	1200076	0.215
chr1	1200076	1200077	0.212
chr1	1200077	1200078	-0.836
chr1	1200078	1200080	0.251
chr1	1200080	1200081	0.241
chr1	1200081	1200082	0.251
chr1	1200082	1200084	0.215
chr1	1200084	1200085	0.212
chr1	1200085	1200086	-2.705
chr1	1200086	1200087	0.241
chr1	1200087	1200088	-0.933
chr1	1200088	1200089	0.241
chr1	1200089	1200090	-0.953
chr1	1200090	1200091	0.212
chr1	1200091	1200092	0.241
chr1	1200092	1200093	0.251
chr1	1200093	1200095	0.212
chr1	1200095	1200096	0.215
chr1	1200096	1200099	0.251
chr1	1200099	1200100	0.212
chr1	1200100	1200102	0.241
chr1	1200102	1200103	-0.937
chr1	1200103	1200104	0.241
chr1	1200104	1200105	-0.936
chr1	1200105	1200107	0.251
chr1	1200107	1200108	0.215
chr1	1200108	1200109	-0.801
chr1	1200109	1200112	0.241
chr1	1200112	1200113	0.212
chr1	1200113	1200114	-0.937
chr1	1200114	1200115	0.212
chr1	1200115	1200116	-0.955
chr1	1200116	1200117	-0.81
chr1	1200117	1200118	0.215
chr1	1200118	1200119	0.212
chr1	1200119	1200120	0.215
chr1	1200120	1200121	0.212
chr1	1200121	1200122	0.215
chr1	1200122	1200123	0.241
chr1	1200123	1200124	-2.669
chr1	1200124	1200125	0.215
chr1	1200125	1200130	0.241
chr1	1200130	1200131	0.215
chr1	1200131	1200132	0.241
chr1	1200132	1200133	-0.396
chr1	1200133	1200138	0.518
chr1	1200138	1200139	-0.573
chr1	1200139	1200140	0.463
chr1	1200140	1200141	0.518
chr1	1200141	1200142	0.54
chr1	1200142	1200143	0.454
chr1	1200143	1200144	-0.551
chr1	1200144	1200145	-1.318
chr1	1200145	1200146	0.54
chr1	1200146	1200147	-1.528
chr1	1200147	1200148	0.454
chr1	1200148	1200149	0.518
chr1	1200149	1200150	0.463
chr1	1200150	1200152	0.54
chr1	1200152	1200153	0.463
chr1	1200153	1200155	0.54
chr1	1200155	1200156	0.454
chr1	1200156	1200157	-1.041
chr1	1200157	1200158	-0.601
chr1	1200158	1200159	0.518
chr1	1200159	1200160	-0.396
chr1	1200160	1200161	-0.273
chr1	1200161	1200162	-1.769
chr1	1200162	1200163	0.454
chr1	1200163	1200164	0.463
chr1	1200164	1200165	0.54
chr1	1200165	1200166	0.463
chr1	1200166	1200168	0.518
chr1	1200168	1200169	0.463
chr1	1200169	1200172	0.454
chr1	1200172	1200173	0.518
chr1	1200173	1200174	0.54
chr1	1200174	1200175	0.145
chr1	1200175	1200176	-0.474
chr1	1200176	1200177	0.474
chr1	1200177	1200178	0.454
chr1	1200178	1200179	0.463
chr1	1200179	1200180	0.454
chr1	1200180	1200181	-0.459
chr1	1200181	1200183	0.54
chr1	1200183	1200184	0.518
chr1	1200184	1200186	0.54
chr1	1200186	1200187	0.454
chr1	1200187	1200188	0.463
chr1	1200188	1200189	0.54
chr1	1200189	1200190	0.518
chr1	1200190	1200191	0.54
chr1	1200191	1200192	-0.323
chr1	1200192	1200193	-0.42
chr1	1200193	1200194	0.518
chr1	1200194	1200196	0.54
chr1	1200196	1200197	0.518
chr1	1200197	1200198	0.54
chr1	1200198	1200199	-0.273
chr1	1200199	1200200	0.518
chr1	1200200	1200201	-0.4
chr1	1200201	1200202	-0.551
chr1	1200202	1200203	-0.264
chr1	1200203	1200204	0.454
chr1	1200204	1200206	0.463
chr1	1200206	1200207	0.54
chr1	1200207	1200208	0.518
chr1	1200208	1200209	-0.545
chr1	1200209	1200210	-0.558
chr1	1200210	1200211	0.454
chr1	1200211	1200212	-0.573
chr1	1200212	1200213	-0.46
chr1	1200213	1200214	0.54
chr1	1200214	1200215	-0.545
chr1	1200215	1200216	0.518
chr1	1200216	1200217	-0.447
chr1	1200217	1200218	0.518
chr1	1200218	1200219	0.454
chr1	1200219	1200220	-0.264
chr1	1200220	1200221	-0.447
chr1	1200221	1200222	0.518
chr1	1200222	1200224	0.54
chr1	1200224	1200225	-0.391
chr1	1200225	1200226	0.463
chr1	1200226	1200227	-0.264
chr1	1200227	1200228	0.454
chr1	1200228	1200229	0.518
chr1	1200229	1200230	0.54
chr1	1200230	1200231	0.463
chr1	1200231	1200232	0.54
chr1	1200232	1200233	0.518
chr1	1200233	1200234	-0.332
chr1	1200234	1200235	0.454
chr1	1200235	1200236	-1.324
chr1	1200236	1200237	-0.447
chr1	1200237	1200238	0.518
chr1	1200238	1200239	-1.073
chr1	1200239	1200240	-1.066
chr1	1200240	1200241	-0.519
chr1	1200241	1200242	-0.466
chr1	1200242	1200243	-1.467
chr1	1200243	1200244	-0.601
chr1	1200244	1200245	-0.734
chr1	1200245	1200246	-0.425
chr1	1200246	1200247	0.454
chr1	1200247	1200248	-1.049
chr1	1200248	1200249	0.454
chr1	1200249	1200250	0.463
chr1	1200250	1200251	0.54
chr1	1200251	1200252	0.454
chr1	1200252	1200253	0.518
chr1	1200253	1200254	0.454
chr1	1200254	1200255	0.463
chr1	1200255	1200256	0.454
chr1	1200256	1200257	-0.601
chr1	1200257	1200258	0.518
chr1	1200258	1200259	-0.264
chr1	1200259	1200261	-0.601
chr1	1200261	1200262	-0.573
chr1	1200262	1200263	-0.32
chr1	1200263	1200264	0.518
chr1	1200264	1200265	-0.447
chr1	1200265	1200266	-0.435
chr1	1200266	1200267	-0.264
chr1	1200267	1200268	0.518
chr1	1200268	1200269	-0.601
chr1	1200269	1200270	0.518
chr1	1200270	1200271	-0.711
chr1	1200271	1200274	0.518
chr1	1200274	1200275	-1.882
chr1	1200275	1200276	0.474
chr1	1200276	1200277	-1.478
chr1	1200277	1200278	-0.573
chr1	1200278	1200279	0.518
chr1	1200279	1200280	-0.601
chr1	1200280	1200281	-0.391
chr1	1200281	1200282	-0.601
chr1	1200282	1200286	0.518
chr1	1200286	1200287	-0.264
chr1	1200287	1200290	0.518
chr1	1200290	1200291	-0.363
chr1	1200291	1200292	-0.399
chr1	1200292	1200293	0.513
chr1	1200293	1200294	0.451
chr1	1200294	1200295	0.21
chr1	1200295	1200297	0.235
chr1	1200297	1200298	-0.946
chr1	1200298	1200301	0.244
chr1	1200301	1200302	0.235
chr1	1200302	1200303	0.21
chr1	1200303	1200304	0.244
chr1	1200304	1200305	0.235
chr1	1200305	1200306	-0.98
chr1	1200306	1200307	0.223
chr1	1200307	1200308	0.192
chr1	1200308	1200309	-0.926
chr1	1200309	1200310	0.14
chr1	1200310	1200311	0.156
chr1	1200311	1200312	0.162
chr1	1200312	1200313	0.14
chr1	1200313	1200315	0.156
chr1	1200315	1200316	0.14
chr1	1200316	1200317	0.162
chr1	1200317	1200318	0.14
chr1	1200318	1200319	0.156
chr1	1200319	1200320	0.147
chr1	1200320	1200321	0.164
chr1	1200321	1200322	0.145
chr1	1200322	1200323	0.147
chr1	1200323	1200325	0.164
chr1	1200325	1200326	0.147
chr1	1200326	1200327	0.17
chr1	1200327	1200328	-1.184
chr1	1200328	1200329	0.17
chr1	1200329	1200330	0.164
chr1	1200330	1200331	0.147
chr1	1200331	1200332	0.17
chr1	1200332	1200333	0.164
chr1	1200333	1200334	0.147
chr1	1200334	1200335	0.17
chr1	1200335	1200336	0.147
chr1	1200336	1200337	0.164
chr1	1200337	1200338	0.147
chr1	1200338	1200339	0.145
chr1	1200339	1200340	0.164
chr1	1200340	1200341	0.17
chr1	1200341	1200342	0.145
chr1	1200342	1200343	0.164
chr1	1200343	1200344	0.17
chr1	1200344	1200345	0.164
chr1	1200345	1200346	-0.272
chr1	1200346	1200347	0.951
chr1	1200347	1200348	-0.285
chr1	1200348	1200349	-1.003
chr1	1200349	1200350	1.236
chr1	1200350	1200351	-0.246
chr1	1200351	1200352	0.124
chr1	1200352	1200353	1.236
chr1	1200353	1200354	-1.086
chr1	1200354	1200355	0.125
chr1	1200355	1200356	0.229
chr1	1200356	1200357	-2.218
chr1	1200357	1200358	-0.914
chr1	1200358	1200359	1.059
chr1	1200359	1200360	-0.292
chr1	1200360	1200361	0.144
chr1	1200361	1200362	-1.913
chr1	1200362	1200363	0.255
chr1	1200363	1200364	-1.238
chr1	1200364	1200365	-0.194
chr1	1200365	1200366	1.037
chr1	1200366	1200367	0.298
chr1	1200367	1200368	-0.024
chr1	1200368	1200369	-0.351
chr1	1200369	1200370	0.366
chr1	1200370	1200371	-0.044
chr1	1200371	1200372	0.029
chr1	1200372	1200373	0.179
chr1	1200373	1200374	-1.854
chr1	1200374	1200375	-0.472
chr1	1200375	1200376	-0.52
chr1	1200376	1200377	-0.262
chr1	1200377	1200378	-0.402
chr1	1200378	1200379	-1.59
chr1	1200379	1200380	-1.083
chr1	1200380	1200381	-0.056
chr1	1200381	1200382	-0.101
chr1	1200382	1200383	-0.179
chr1	1200383	1200384	-2.912
chr1	1200384	1200385	-1.347
chr1	1200385	1200386	-0.96
chr1	1200386	1200387	0.49
chr1	1200387	1200388	0.305
chr1	1200388	1200389	0.282
chr1	1200389	1200390	0.034
chr1	1200390	1200391	-0.199
chr1	1200391	1200392	-0.538
chr1	1200392	1200393	-2.295
chr1	1200393	1200394	0.499
chr1	1200394	1200395	-0.002
chr1	1200395	1200396	-0.075
chr1	1200396	1200397	1.246
chr1	1200397	1200398	0.04
chr1	1200398	1200399	0.042
chr1	1200399	1200400	0.491
chr1	1200400	1200401	0.445
chr1	1200401	1200402	0.438
chr1	1200402	1200403	-0.113
chr1	1200403	1200404	0.297
chr1	1200404	1200405	-0.868
chr1	1200405	1200406	-0.252
chr1	1200406	1200407	-0.646
chr1	1200407	1200408	-0.644
chr1	1200408	1200409	-1
chr1	1200409	1200410	-2.034
chr1	1200410	1200411	1.038
chr1	1200411	1200412	0.148
chr1	1200412	1200413	-0.731
chr1	1200413	1200414	-0.157
chr1	1200414	1200415	-0.066
chr1	1200415	1200416	1.216
chr1	1200416	1200417	-0.096
chr1	1200417	1200418	1.038
chr1	1200418	1200419	-0.728
chr1	1200419	1200420	-0.192
chr1	1200420	1200421	0.377
chr1	1200421	1200422	-0.127
chr1	1200422	1200423	0.202
chr1	1200423	1200424	0.367
chr1	1200424	1200425	-0.12
chr1	1200425	1200426	-2.094
chr1	1200426	1200427	0.175
chr1	1200427	1200428	-0.379
chr1	1200428	1200429	0.003
chr1	1200429	1200430	-0.558
chr1	1200430	1200431	-1.069
chr1	1200431	1200432	-0.734
chr1	1200432	1200433	-0.213
chr1	1200433	1200434	-0.218
chr1	1200434	1200435	-0.127
chr1	1200435	1200436	-0.167
chr1	1200436	1200437	0.372
chr1	1200437	1200438	0.498
chr1	1200438	1200439	0.068
chr1	1200439	1200440	0.376
chr1	1200440	1200441	-0.025
chr1	1200441	1200442	-1.061
chr1	1200442	1200443	0.316
chr1	1200443	1200444	0.269
chr1	1200444	1200445	1.548
chr1	1200445	1200446	0.478
chr1	1200446	1200447	-0.074
chr1	1200447	1200448	1.25
chr1	1200448	1200449	-0.403
chr1	1200449	1200450	-0.051
chr1	1200450	1200451	-0.747
chr1	1200451	1200452	-1.273
chr1	1200452	1200453	-0.417
chr1	1200453	1200454	-1
chr1	1200454	1200455	-0.067
chr1	1200455	1200456	0.462
chr1	1200456	1200457	0.295
chr1	1200457	1200458	-1.244
chr1	1200458	1200459	-0.324
chr1	1200459	1200460	1.25
chr1	1200460	1200461	1.184
chr1	1200461	1200462	0.415
chr1	1200462	1200463	0.166
chr1	1200463	1200464	0.273
chr1	1200464	1200465	0.281
chr1	1200465	1200466	1.25
chr1	1200466	1200467	1.231
chr1	1200467	1200468	-0.293
chr1	1200468	1200469	-1.842
chr1	1200469	1200470	-1.546
chr1	1200470	1200471	-0.467
chr1	1200471	1200472	-0.425
chr1	1200472	1200473	0.072
chr1	1200473	1200474	-0.332
chr1	1200474	1200475	1.523
chr1	1200475	1200476	-0.757
chr1	1200476	1200477	0.431
chr1	1200477	1200478	-0.509
chr1	1200478	1200479	0.401
chr1	1200479	1200480	-0.09
chr1	1200480	1200481	-1.099
chr1	1200481	1200482	0.064
chr1	1200482	1200483	-0.007
chr1	1200483	1200484	-0.21
chr1	1200484	1200485	-0.318
chr1	1200485	1200486	0.427
chr1	1200486	1200487	0.042
chr1	1200487	1200488	-0.092
chr1	1200488	1200489	-1.058
chr1	1200489	1200490	-0.032
chr1	1200490	1200491	-0.65
chr1	1200491	1200492	-2.5
chr1	1200492	1200493	-0.66
chr1	1200493	1200494	-0.486
chr1	1200494	1200495	-1.911
chr1	1200495	1200496	-0.026
chr1	1200496	1200497	-0.29
chr1	1200497	1200498	0.393
chr1	1200498	1200499	-1.276
chr1	1200499	1200500	0.514
chr1	1200500	1200501	-1.881
chr1	1200501	1200502	-2.349
chr1	1200502	1200503	-0.305
chr1	1200503	1200504	0.514
chr1	1200504	1200505	0.31
chr1	1200505	1200506	-0.038
chr1	1200506	1200507	-0.012
chr1	1200507	1200508	-0.017
chr1	1200508	1200509	-0.147
chr1	1200509	1200510	0.097
chr1	1200510	1200511	-1.774
chr1	1200511	1200512	0.062
chr1	1200512	1200513	-0.264
chr1	1200513	1200514	-0.319
chr1	1200514	1200515	-0.154
chr1	1200515	1200516	-0.097
chr1	1200516	1200517	-0.031
chr1	1200517	1200518	0.248
chr1	1200518	1200519	-1.276
chr1	1200519	1200520	-0.078
chr1	1200520	1200521	-0.204
chr1	1200521	1200522	-0.15
chr1	1200522	1200523	-0.147
chr1	1200523	1200524	0.334
chr1	1200524	1200525	0.373
chr1	1200525	1200526	1.122
chr1	1200526	1200527	1.317
chr1	1200527	1200528	0.361
chr1	1200528	1200530	1.122
chr1	1200530	1200531	-0.626
chr1	1200531	1200532	-0.675
chr1	1200532	1200533	0.079
chr1	1200533	1200534	-0.365
chr1	1200534	1200535	0.358
chr1	1200535	1200536	0.324
chr1	1200536	1200537	-0.694
chr1	1200537	1200538	-1.538
chr1	1200538	1200539	-0.014
chr1	1200539	1200540	-0.151
chr1	1200540	1200541	-3.416
chr1	1200541	1200542	-0.886
chr1	1200542	1200543	1.317
chr1	1200543	1200544	0.375
chr1	1200544	1200545	-0.612
chr1	1200545	1200546	-2.41
chr1	1200546	1200547	-0.463
chr1	1200547	1200548	-0.126
chr1	1200548	1200549	-0.462
chr1	1200549	1200550	-0.697
chr1	1200550	1200551	-1.32
chr1	1200551	1200552	0.984
chr1	1200552	1200553	0.913
chr1	1200553	1200554	-0.39
chr1	1200554	1200555	-0.845
chr1	1200555	1200556	-0.498
chr1	1200556	1200557	0.685
chr1	1200557	1200558	-0.067
chr1	1200558	1200559	0.006
chr1	1200559	1200560	-1.497
chr1	1200560	1200561	-0.504
chr1	1200561	1200562	-1.372
chr1	1200562	1200563	-1.354
chr1	1200563	1200564	-0.667
chr1	1200564	1200565	-0.198
chr1	1200565	1200566	-1.3
chr1	1200566	1200567	-1.265
chr1	1200567	1200568	-1.238
chr1	1200568	1200569	-1.742
chr1	1200569	1200570	0.191
chr1	1200570	1200571	0.224
chr1	1200571	1200572	-0.307
chr1	1200572	1200573	-3.307
chr1	1200573	1200574	0.959
chr1	1200574	1200575	0.187
chr1	1200575	1200576	-0.284
chr1	1200576	1200579	0.514
chr1	1200579	1200580	0.59
chr1	1200580	1200581	0.514
chr1	1200581	1200582	0.59
chr1	1200582	1200583	0.615
chr1	1200583	1200584	-1.597
chr1	1200584	1200585	0.014
chr1	1200585	1200586	-0.466
chr1	1200586	1200587	0.017
chr1	1200587	1200588	-0.017
chr1	1200588	1200589	-0.085
chr1	1200589	1200590	-0.611
chr1	1200590	1200591	1.072
chr1	1200591	1200592	-1.287
chr1	1200592	1200593	-2.021
chr1	1200593	1200594	-0.417
chr1	1200594	1200595	-1.684
chr1	1200595	1200596	0.19
chr1	1200596	1200597	-0.113
chr1	1200597	1200598	-0.65
chr1	1200598	1200599	-0.46
chr1	1200599	1200600	0.088
chr1	1200600	1200601	-0.329
chr1	1200601	1200602	-1.49
chr1	1200602	1200603	-0.193
chr1	1200603	1200604	1.038
chr1	1200604	1200605	0.123
chr1	1200605	1200606	-0.663
chr1	1200606	1200607	1.038
chr1	1200607	1200608	-0.223
chr1	1200608	1200609	-0.309
chr1	1200609	1200610	-0.294
chr1	1200610	1200611	0.142
chr1	1200611	1200612	-1.725
chr1	1200612	1200613	-2.188
chr1	1200613	1200614	-1.793
chr1	1200614	1200615	-0.098
chr1	1200615	1200616	-2.73
chr1	1200616	1200617	-1.077
chr1	1200617	1200618	-0.072
chr1	1200618	1200619	-0.615
chr1	1200619	1200620	-1.814
chr1	1200620	1200621	-0.498
chr1	1200621	1200622	-1.401
chr1	1200622	1200623	0.022
chr1	1200623	1200624	0.286
chr1	1200624	1200625	-0.183
chr1	1200625	1200626	-0.287
chr1	1200626	1200627	-0.45
chr1	1200627	1200628	0.454
chr1	1200628	1200629	-0.33
chr1	1200629	1200630	0.085
chr1	1200630	1200631	-0.828
chr1	1200631	1200632	-2.216
chr1	1200632	1200633	-0.831
chr1	1200633	1200634	1.216
chr1	1200634	1200635	0.241
chr1	1200635	1200637	0.251
chr1	1200637	1200638	-1.306
chr1	1200638	1200639	-0.04
chr1	1200639	1200640	-0.358
chr1	1200640	1200641	-0.137
chr1	1200641	1200642	0.119
chr1	1200642	1200643	-0.402
chr1	1200643	1200644	-0.479
chr1	1200644	1200645	-1.295
chr1	1200645	1200646	0.252
chr1	1200646	1200647	-0.311
chr1	1200647	1200648	-0.57
chr1	1200648	1200649	1.216
chr1	1200649	1200650	-3.071
chr1	1200650	1200651	-1.438
chr1	1200651	1200652	0.991
chr1	1200652	1200653	-0.715
chr1	1200653	1200654	-0.764
chr1	1200654	1200655	-0.157
chr1	1200655	1200656	0.922
chr1	1200656	1200657	0.876
chr1	1200657	1200658	0.454
chr1	1200658	1200659	-0.573
chr1	1200659	1200660	0.54
chr1	1200660	1200661	0.518
chr1	1200661	1200662	-0.421
chr1	1200662	1200663	-0.35
chr1	1200663	1200664	-0.551
chr1	1200664	1200665	0.463
chr1	1200665	1200666	-0.264
chr1	1200666	1200667	-0.551
chr1	1200667	1200668	-2.023
chr1	1200668	1200669	-2.54
chr1	1200669	1200670	0.463
chr1	1200670	1200671	0.454
chr1	1200671	1200672	-0.396
chr1	1200672	1200673	-0.391
chr1	1200673	1200674	0.463
chr1	1200674	1200675	0.518
chr1	1200675	1200676	-0.592
chr1	1200676	1200677	-0.109
chr1	1200677	1200678	-0.029
chr1	1200678	1200679	-0.068
chr1	1200679	1200680	0.741
chr1	1200680	1200681	-0.056
chr1	1200681	1200682	-0.084
chr1	1200682	1200683	-1.007
chr1	1200683	1200684	-0.014
chr1	1200684	1200685	0.735
chr1	1200685	1200686	-0.115
chr1	1200686	1200687	-0.003
chr1	1200687	1200688	0.724
chr1	1200688	1200689	-0.107
chr1	1200689	1200690	-0.713
chr1	1200690	1200691	-1.326
chr1	1200691	1200692	-2.887
chr1	1200692	1200693	1.148
chr1	1200693	1200694	0.937
chr1	1200694	1200695	-0.681
chr1	1200695	1200696	0.175
chr1	1200696	1200697	-2.684
chr1	1200697	1200698	-0.627
chr1	1200698	1200699	-0.185
chr1	1200699	1200700	-0.179
chr1	1200700	1200701	-1.049
chr1	1200701	1200702	-0.427
chr1	1200702	1200703	-0.428
chr1	1200703	1200704	-0.524
chr1	1200704	1200705	-0.273
chr1	1200705	1200706	0.015
chr1	1200706	1200707	1.06
chr1	1200707	1200708	0.867
chr1	1200708	1200709	0.031
chr1	1200709	1200710	1.117
chr1	1200710	1200711	1.116
chr1	1200711	1200712	-0.123
chr1	1200712	1200714	0.954
chr1	1200714	1200715	-0.794
chr1	1200715	1200716	1.022
chr1	1200716	1200717	-0.953
chr1	1200717	1200718	-0.737
chr1	1200718	1200719	-0.481
chr1	1200719	1200720	0.062
chr1	1200720	1200721	0.954
chr1	1200721	1200722	-0.319
chr1	1200722	1200723	-1.372
chr1	1200723	1200724	1.022
chr1	1200724	1200725	0.12
chr1	1200725	1200726	0.231
chr1	1200726	1200727	0.286
chr1	1200727	1200728	0.173
chr1	1200728	1200729	-1.065
chr1	1200729	1200730	0.286
chr1	1200730	1200731	0.098
chr1	1200731	1200732	1.022
chr1	1200732	1200733	-0.713
chr1	1200733	1200734	0.281
chr1	1200734	1200735	1.257
chr1	1200735	1200736	0.192
chr1	1200736	1200737	-0.106
chr1	1200737	1200738	-0.884
chr1	1200738	1200739	-0.271
chr1	1200739	1200740	-0.264
chr1	1200740	1200741	-0.222
chr1	1200741	1200742	-0.078
chr1	1200742	1200743	1.257
chr1	1200743	1200744	-1.473
chr1	1200744	1200745	0.241
chr1	1200745	1200749	0.215
chr1	1200749	1200751	0.251
chr1	1200751	1200752	0.212
chr1	1200752	1200753	-0.232
chr1	1200753	1200754	1.257
chr1	1200754	1200755	0.286
chr1	1200755	1200756	-0.217
chr1	1200756	1200757	-0.164
chr1	1200757	1200759	1.022
chr1	1200759	1200760	-0.104
chr1	1200760	1200762	1.257
chr1	1200762	1200763	0.128
chr1	1200763	1200764	0.177
chr1	1200764	1200765	1.257
chr1	1200765	1200766	0.245
chr1	1200766	1200767	1.257
chr1	1200767	1200768	-0.085
chr1	1200768	1200769	-0.461
chr1	1200769	1200770	1.002
chr1	1200770	1200771	0.215
chr1	1200771	1200773	0.981
chr1	1200773	1200774	-1.047
chr1	1200774	1200775	-0.412
chr1	1200775	1200776	-0.779
chr1	1200776	1200777	1.189
chr1	1200777	1200778	1.133
chr1	1200778	1200780	0.969
chr1	1200780	1200781	-0.897
chr1	1200781	1200782	-0.572
chr1	1200782	1200783	0.969
chr1	1200783	1200784	-0.373
chr1	1200784	1200786	0.969
chr1	1200786	1200787	-0.184
chr1	1200787	1200788	-0.097
chr1	1200788	1200789	-0.611
chr1	1200789	1200790	-0.023
chr1	1200790	1200791	-0.105
chr1	1200791	1200792	-0.716
chr1	1200792	1200793	0.697
chr1	1200793	1200794	-0.518
chr1	1200794	1200795	-2.163
chr1	1200795	1200796	0.857
chr1	1200796	1200797	-0.01
chr1	1200797	1200798	1.048
chr1	1200798	1200799	0.127
chr1	1200799	1200800	-0.46
chr1	1200800	1200801	-0.739
chr1	1200801	1200802	-0.163
chr1	1200802	1200803	-0.73
chr1	1200803	1200804	-0.111
chr1	1200804	1200805	-0.12
chr1	1200805	1200806	0.68
chr1	1200806	1200807	-0.116
chr1	1200807	1200808	-0.819
chr1	1200808	1200809	-1.77
chr1	1200809	1200810	-0.938
chr1	1200810	1200811	0.518
chr1	1200811	1200812	-1.651
chr1	1200812	1200813	-0.966
chr1	1200813	1200814	-0.605
chr1	1200814	1200815	-0.005
chr1	1200815	1200816	0.021
chr1	1200816	1200817	-1.864
chr1	1200817	1200818	-0.816
chr1	1200818	1200819	-0.231
chr1	1200819	1200820	-0.444
chr1	1200820	1200821	-0.567
chr1	1200821	1200822	-0.547
chr1	1200822	1200823	0.851
chr1	1200823	1200824	-1.218
chr1	1200824	1200826	0.839
chr1	1200826	1200827	-2.038
chr1	1200827	1200828	-0.015
chr1	1200828	1200829	-0.895
chr1	1200829	1200830	1.04
chr1	1200830	1200831	-1.306
chr1	1200831	1200832	0.869
chr1	1200832	1200833	-0.002
chr1	1200833	1200834	0.851
chr1	1200834	1200835	-0.56
chr1	1200835	1200836	0.017
chr1	1200836	1200837	0.029
chr1	1200837	1200838	-0.335
chr1	1200838	1200839	0.092
chr1	1200839	1200840	-0.023
chr1	1200840	1200841	-0.59
chr1	1200841	1200842	-0.319
chr1	1200842	1200843	-1.626
chr1	1200843	1200844	-2.226
chr1	1200844	1200845	-0.394
chr1	1200845	1200846	-0.092
chr1	1200846	1200847	-0.626
chr1	1200847	1200848	-0.542
chr1	1200848	1200849	-0.006
chr1	1200849	1200850	0.951
chr1	1200850	1200851	-1.166
chr1	1200851	1200852	0.056
chr1	1200852	1200853	-3.451
chr1	1200853	1200854	-1.792
chr1	1200854	1200855	-1.173
chr1	1200855	1200856	-0.507
chr1	1200856	1200857	-0.019
chr1	1200857	1200858	-0.517
chr1	1200858	1200859	-0.266
chr1	1200859	1200860	0.005
chr1	1200860	1200861	0.817
chr1	1200861	1200862	-0.587
chr1	1200862	1200863	-0.029
chr1	1200863	1200864	0.951
chr1	1200864	1200865	-0.508
chr1	1200865	1200866	0.817
chr1	1200866	1200867	-0.696
chr1	1200867	1200868	-0.134
chr1	1200868	1200869	-0.147
chr1	1200869	1200870	-0.301
chr1	1200870	1200871	0.649
chr1	1200871	1200872	-0.316
chr1	1200872	1200873	-1.564
chr1	1200873	1200874	-0.219
chr1	1200874	1200875	-0.006
chr1	1200875	1200876	-0.12
chr1	1200876	1200877	-0.154
chr1	1200877	1200878	-0.114
chr1	1200878	1200879	-0.163
chr1	1200879	1200880	-0.309
chr1	1200880	1200881	-0.378
chr1	1200881	1200882	0.997
chr1	1200882	1200883	-0.286
chr1	1200883	1200884	0.064
chr1	1200884	1200885	0.073
chr1	1200885	1200886	-0.668
chr1	1200886	1200888	0.834
chr1	1200888	1200889	-0.51
chr1	1200889	1200890	-0.481
chr1	1200890	1200891	-0.084
chr1	1200891	1200892	-0.008
chr1	1200892	1200893	0.685
chr1	1200893	1200894	0.796
chr1	1200894	1200895	-3.498
chr1	1200895	1200896	-0.008
chr1	1200896	1200897	0.834
chr1	1200897	1200898	0.796
chr1	1200898	1200899	-0.099
chr1	1200899	1200900	-0.691
chr1	1200900	1200901	-0.104
chr1	1200901	1200902	0.699
chr1	1200902	1200903	0.834
chr1	1200903	1200904	-0.091
chr1	1200904	1200905	0.685
chr1	1200905	1200906	-0.989
chr1	1200906	1200907	-0.738
chr1	1200907	1200908	-1.074
chr1	1200908	1200909	-1.134
chr1	1200909	1200910	-0.474
chr1	1200910	1200911	-0.152
chr1	1200911	1200912	0.834
chr1	1200912	1200914	0.685
chr1	1200914	1200915	0.699
chr1	1200915	1200916	-0.134
chr1	1200916	1200917	-0.091
chr1	1200917	1200918	0.699
chr1	1200918	1200919	0.685
chr1	1200919	1200920	-0.103
chr1	1200920	1200921	-1.408
chr1	1200921	1200922	-1.593
chr1	1200922	1200923	-0.127
chr1	1200923	1200924	-0.099
chr1	1200924	1200925	0.606
chr1	1200925	1200926	0.504
chr1	1200926	1200927	-0.302
chr1	1200927	1200928	0.606
chr1	1200928	1200929	0.621
chr1	1200929	1200930	-0.967
chr1	1200930	1200931	-0.266
chr1	1200931	1200932	0.584
chr1	1200932	1200933	0.486
chr1	1200933	1200934	-0.326
chr1	1200934	1200935	-0.371
chr1	1200935	1200939	0.496
chr1	1200939	1200940	-0.432
chr1	1200940	1200941	0.438
chr1	1200941	1200942	0.43
chr1	1200942	1200943	0.438
chr1	1200943	1200944	0.43
chr1	1200944	1200945	-1.293
chr1	1200945	1200946	0.21
chr1	1200946	1200947	-0.922
chr1	1200947	1200948	0.21
chr1	1200948	1200949	0.244
chr1	1200949	1200950	0.21
chr1	1200950	1200951	0.244
chr1	1200951	1200952	0.21
chr1	1200952	1200953	0.244
chr1	1200953	1200954	0.191
chr1	1200954	1200955	0.222
chr1	1200955	1200956	-1.056
chr1	1200956	1200957	0.222
chr1	1200957	1200958	-1.05
chr1	1200958	1200959	0.212
chr1	1200959	1200960	0.182
chr1	1200960	1200961	0.212
chr1	1200961	1200962	-1.105
chr1	1200962	1200963	0.209
chr1	1200963	1200964	0.18
chr1	1200964	1200965	-1.092
chr1	1200965	1200966	0.18
chr1	1200966	1200967	0.209
chr1	1200967	1200968	0.18
chr1	1200968	1200969	0.112
chr1	1200969	1200970	0.097
chr1	1200970	1200971	0.112
chr1	1200971	1200972	0.097
chr1	1200972	1200973	-1.95
chr1	1200973	1200974	0.097
chr1	1200974	1200981	0
chr1	1200981	1200982	-2.004
chr1	1200982	1200983	-1.911
chr1	1200983	1200984	0.106
chr1	1200984	1200985	0.122
chr1	1200985	1200986	0.106
chr1	1200986	1200987	0.122
chr1	1200987	1200988	-1.656
chr1	1200988	1200989	0.145
chr1	1200989	1200990	0.126
chr1	1200990	1200991	0.145
chr1	1200991	1200992	0.126
chr1	1200992	1200993	0.216
chr1	1200993	1200994	-1.08
chr1	1200994	1200995	0.064
chr1	1200995	1200996	0.055
chr1	1200996	1200997	-0.926
chr1	1200997	1200998	0.195
chr1	1200998	1200999	0.226
chr1	1200999	1201000	-1.026
chr1	1201000	1201001	-0.9
chr1	1201001	1201002	-1.026
chr1	1201002	1201003	0.226
chr1	1201003	1201004	-1.026
chr1	1201004	1201005	0.226
chr1	1201005	1201006	-1.026
chr1	1201006	1201007	-0.926
chr1	1201007	1201008	-1.026
chr1	1201008	1201009	0.226
chr1	1201009	1201010	-1.09
chr1	1201010	1201011	0.226
chr1	1201011	1201012	-1.026
chr1	1201012	1201013	0.226
chr1	1201013	1201014	-1.09
chr1	1201014	1201015	0.226
chr1	1201015	1201016	-1.09
chr1	1201016	1201017	0.218
chr1	1201017	1201018	0.187
chr1	1201018	1201019	-0.976
chr1	1201019	1201020	0.187
chr1	1201020	1201021	-0.931
chr1	1201021	1201022	0.187
chr1	1201022	1201023	0.218
chr1	1201023	1201024	0.187
chr1	1201024	1201025	0.222
chr1	1201025	1201026	0.208
chr1	1201026	1201027	0.242
chr1	1201027	1201028	-0.987
chr1	1201028	1201029	0.242
chr1	1201029	1201030	-0.873
chr1	1201030	1201031	-2.308
chr1	1201031	1201032	-0.837
chr1	1201032	1201033	0.242
chr1	1201033	1201034	0.232
chr1	1201034	1201035	0.251
chr1	1201035	1201036	0.215
chr1	1201036	1201037	0.212
chr1	1201037	1201038	0.215
chr1	1201038	1201039	-0.936
chr1	1201039	1201040	-0.918
chr1	1201040	1201041	0.212
chr1	1201041	1201042	-0.949
chr1	1201042	1201043	0.212
chr1	1201043	1201044	0.147
chr1	1201044	1201045	0.17
chr1	1201045	1201046	0.215
chr1	1201046	1201047	0.212
chr1	1201047	1201048	-2.197
chr1	1201048	1201050	0.212
chr1	1201050	1201051	0.241
chr1	1201051	1201053	0.251
chr1	1201053	1201054	0.212
chr1	1201054	1201055	0.215
chr1	1201055	1201057	0.251
chr1	1201057	1201058	0.241
chr1	1201058	1201059	0.251
chr1	1201059	1201060	0.215
chr1	1201060	1201061	0.241
chr1	1201061	1201062	0.212
chr1	1201062	1201063	0.241
chr1	1201063	1201064	-0.89
chr1	1201064	1201065	-0.923
chr1	1201065	1201066	-0.797
chr1	1201066	1201067	-0.81
chr1	1201067	1201068	-0.933
chr1	1201068	1201069	0.251
chr1	1201069	1201070	0.212
chr1	1201070	1201071	-0.8
chr1	1201071	1201072	0.241
chr1	1201072	1201073	0.215
chr1	1201073	1201074	0.212
chr1	1201074	1201075	0.215
chr1	1201075	1201076	0.212
chr1	1201076	1201077	0.241
chr1	1201077	1201078	0.251
chr1	1201078	1201079	0.212
chr1	1201079	1201080	0.215
chr1	1201080	1201081	-0.937
chr1	1201081	1201082	0.241
chr1	1201082	1201083	0.212
chr1	1201083	1201084	-0.929
chr1	1201084	1201085	0.251
chr1	1201085	1201086	0.212
chr1	1201086	1201088	0.241
chr1	1201088	1201090	0.212
chr1	1201090	1201091	0.215
chr1	1201091	1201093	0.212
chr1	1201093	1201094	-0.81
chr1	1201094	1201095	0.212
chr1	1201095	1201096	-0.933
chr1	1201096	1201097	0.215
chr1	1201097	1201100	0.212
chr1	1201100	1201101	-2.005
chr1	1201101	1201103	0.251
chr1	1201103	1201105	0.215
chr1	1201105	1201106	0.212
chr1	1201106	1201108	0.241
chr1	1201108	1201109	0.251
chr1	1201109	1201110	-2.305
chr1	1201110	1201111	-0.81
chr1	1201111	1201112	0.241
chr1	1201112	1201114	0.215
chr1	1201114	1201115	0.212
chr1	1201115	1201116	0.215
chr1	1201116	1201118	0.212
chr1	1201118	1201119	0.215
chr1	1201119	1201120	0.251
chr1	1201120	1201122	0.212
chr1	1201122	1201123	0.215
chr1	1201123	1201124	0.212
chr1	1201124	1201125	0.241
chr1	1201125	1201126	-0.933
chr1	1201126	1201128	0.212
chr1	1201128	1201129	0.215
chr1	1201129	1201132	0.212
chr1	1201132	1201134	0.241
chr1	1201134	1201135	0.251
chr1	1201135	1201136	0.215
chr1	1201136	1201137	0.241
chr1	1201137	1201138	0.251
chr1	1201138	1201139	0.212
chr1	1201139	1201141	0.241
chr1	1201141	1201142	0.251
chr1	1201142	1201143	0.215
chr1	1201143	1201144	0.241
chr1	1201144	1201145	0.251
chr1	1201145	1201146	0.212
chr1	1201146	1201147	0.215
chr1	1201147	1201148	0.251
chr1	1201148	1201149	-0.829
chr1	1201149	1201150	0.251
chr1	1201150	1201151	0.241
chr1	1201151	1201152	0.215
chr1	1201152	1201153	-0.92
chr1	1201153	1201154	0.241
chr1	1201154	1201155	-0.936
chr1	1201155	1201156	0.241
chr1	1201156	1201158	0.251
chr1	1201158	1201159	0.212
chr1	1201159	1201160	-0.81
chr1	1201160	1201161	-0.933
chr1	1201161	1201162	-0.81
chr1	1201162	1201163	-0.945
chr1	1201163	1201164	0.251
chr1	1201164	1201165	-1.135
chr1	1201165	1201166	0.212
chr1	1201166	1201167	0.241
chr1	1201167	1201169	0.212
chr1	1201169	1201170	0.241
chr1	1201170	1201171	-0.923
chr1	1201171	1201172	-1.256
chr1	1201172	1201174	0.212
chr1	1201174	1201175	-2.195
chr1	1201175	1201176	-2.003
chr1	1201176	1201177	0.251
chr1	1201177	1201178	0.212
chr1	1201178	1201179	0.215
chr1	1201179	1201181	0.241
chr1	1201181	1201184	0.215
chr1	1201184	1201185	-0.937
chr1	1201185	1201186	0.215
chr1	1201186	1201187	0.251
chr1	1201187	1201188	0.215
chr1	1201188	1201189	0.241
chr1	1201189	1201193	0.215
chr1	1201193	1201194	-0.943
chr1	1201194	1201195	0.241
chr1	1201195	1201196	0.251
chr1	1201196	1201197	0.215
chr1	1201197	1201198	0.241
chr1	1201198	1201199	0.251
chr1	1201199	1201200	0.241
chr1	1201200	1201201	0.251
chr1	1201201	1201202	0.241
chr1	1201202	1201203	-0.983
chr1	1201203	1201204	-2.169
chr1	1201204	1201206	0.251
chr1	1201206	1201207	-0.801
chr1	1201207	1201208	-0.924
chr1	1201208	1201209	0.215
chr1	1201209	1201211	0.212
chr1	1201211	1201212	0.241
chr1	1201212	1201214	0.212
chr1	1201214	1201215	0.241
chr1	1201215	1201216	-0.931
chr1	1201216	1201217	0.251
chr1	1201217	1201219	0.215
chr1	1201219	1201221	0.251
chr1	1201221	1201223	0.212
chr1	1201223	1201224	0.241
chr1	1201224	1201226	0.251
chr1	1201226	1201227	0.212
chr1	1201227	1201228	0.215
chr1	1201228	1201230	0.251
chr1	1201230	1201231	0.215
chr1	1201231	1201232	0.212
chr1	1201232	1201233	0.215
chr1	1201233	1201234	0.212
chr1	1201234	1201235	-1.049
chr1	1201235	1201236	0.241
chr1	1201236	1201237	0.215
chr1	1201237	1201238	0.212
chr1	1201238	1201239	0.215
chr1	1201239	1201241	0.212
chr1	1201241	1201242	0.215
chr1	1201242	1201243	0.251
chr1	1201243	1201244	0.241
chr1	1201244	1201245	0.212
chr1	1201245	1201246	-0.934
chr1	1201246	1201247	-0.917
chr1	1201247	1201248	-1.337
chr1	1201248	1201249	0.251
chr1	1201249	1201250	-0.949
chr1	1201250	1201251	0.251
chr1	1201251	1201252	0.241
chr1	1201252	1201253	0.215
chr1	1201253	1201255	0.212
chr1	1201255	1201256	0.241
chr1	1201256	1201257	0.212
chr1	1201257	1201258	-0.936
chr1	1201258	1201259	-3.812
chr1	1201259	1201260	-0.819
chr1	1201260	1201262	0.212
chr1	1201262	1201263	0.445
chr1	1201263	1201264	0.436
chr1	1201264	1201265	-1.081
chr1	1201265	1201266	-0.469
chr1	1201266	1201267	-0.422
chr1	1201267	1201268	0.436
chr1	1201268	1201269	0.445
chr1	1201269	1201271	0.436
chr1	1201271	1201272	-0.422
chr1	1201272	1201273	-0.299
chr1	1201273	1201274	-1.265
chr1	1201274	1201275	-0.299
chr1	1201275	1201276	0.519
chr1	1201276	1201277	-0.417
chr1	1201277	1201278	0.519
chr1	1201278	1201279	0.436
chr1	1201279	1201280	0.445
chr1	1201280	1201281	0.519
chr1	1201281	1201283	-0.466
chr1	1201283	1201284	-0.299
chr1	1201284	1201285	-0.417
chr1	1201285	1201286	-1.357
chr1	1201286	1201287	0.498
chr1	1201287	1201288	0.436
chr1	1201288	1201289	0.498
chr1	1201289	1201291	0.519
chr1	1201291	1201292	0.436
chr1	1201292	1201293	-1.506
chr1	1201293	1201294	0.439
chr1	1201294	1201295	-0.485
chr1	1201295	1201296	-0.565
chr1	1201296	1201297	-0.498
chr1	1201297	1201299	0.43
chr1	1201299	1201300	-0.958
chr1	1201300	1201301	-1.458
chr1	1201301	1201302	-0.249
chr1	1201302	1201303	0.67
chr1	1201303	1201304	-1.687
chr1	1201304	1201305	0.24
chr1	1201305	1201306	-1.039
chr1	1201306	1201307	-0.251
chr1	1201307	1201308	-1.463
chr1	1201308	1201309	-0.157
chr1	1201309	1201310	-0.88
chr1	1201310	1201311	-1.97
chr1	1201311	1201312	-0.116
chr1	1201312	1201313	-0.084
chr1	1201313	1201314	0.711
chr1	1201314	1201315	-0.111
chr1	1201315	1201316	-0.082
chr1	1201316	1201317	0.732
chr1	1201317	1201318	-0.973
chr1	1201318	1201319	-0.083
chr1	1201319	1201320	-0.611
chr1	1201320	1201321	-1.355
chr1	1201321	1201322	-1.138
chr1	1201322	1201323	1.302
chr1	1201323	1201324	0.318
chr1	1201324	1201325	-0.638
chr1	1201325	1201326	-1.973
chr1	1201326	1201327	1.222
chr1	1201327	1201328	-1.696
chr1	1201328	1201329	0.351
chr1	1201329	1201330	-0.392
chr1	1201330	1201331	-0.586
chr1	1201331	1201332	-0.282
chr1	1201332	1201333	-0.305
chr1	1201333	1201334	-0.614
chr1	1201334	1201335	-1.097
chr1	1201335	1201336	-0.005
chr1	1201336	1201337	0.534
chr1	1201337	1201338	1.348
chr1	1201338	1201339	-0.03
chr1	1201339	1201340	0.331
chr1	1201340	1201341	0.351
chr1	1201341	1201342	0.319
chr1	1201342	1201343	-0.234
chr1	1201343	1201344	-0.027
chr1	1201344	1201345	-0.749
chr1	1201345	1201346	0.101
chr1	1201346	1201347	-0.436
chr1	1201347	1201348	-1.092
chr1	1201348	1201349	-0.839
chr1	1201349	1201350	-0.185
chr1	1201350	1201351	0.181
chr1	1201351	1201352	-0.002
chr1	1201352	1201353	0.477
chr1	1201353	1201354	-0.452
chr1	1201354	1201355	-3.406
chr1	1201355	1201356	-2.303
chr1	1201356	1201357	1.55
chr1	1201357	1201358	0.034
chr1	1201358	1201359	-0.302
chr1	1201359	1201360	-0.809
chr1	1201360	1201361	-0.301
chr1	1201361	1201362	0.099
chr1	1201362	1201363	-0.245
chr1	1201363	1201364	-0.59
chr1	1201364	1201365	0.09
chr1	1201365	1201366	-2.433
chr1	1201366	1201367	0.231
chr1	1201367	1201368	1.251
chr1	1201368	1201369	-1.516
chr1	1201369	1201370	-0.263
chr1	1201370	1201371	1.036
chr1	1201371	1201372	-0.235
chr1	1201372	1201373	1.059
chr1	1201373	1201374	0.293
chr1	1201374	1201375	1.214
chr1	1201375	1201376	0.25
chr1	1201376	1201377	-0.514
chr1	1201377	1201378	0.154
chr1	1201378	1201379	-3.322
chr1	1201379	1201380	-0.381
chr1	1201380	1201381	0.298
chr1	1201381	1201382	-1.156
chr1	1201382	1201383	-1.284
chr1	1201383	1201384	-1.072
chr1	1201384	1201385	0.478
chr1	1201385	1201386	-0.057
chr1	1201386	1201387	0.224
chr1	1201387	1201388	0.255
chr1	1201388	1201389	0.481
chr1	1201389	1201390	-0.908
chr1	1201390	1201391	0.03
chr1	1201391	1201392	-0.647
chr1	1201392	1201393	0.063
chr1	1201393	1201394	-2.222
chr1	1201394	1201395	-0.631
chr1	1201395	1201396	-0.591
chr1	1201396	1201397	-0.396
chr1	1201397	1201398	-0.998
chr1	1201398	1201399	-0.267
chr1	1201399	1201400	-0.612
chr1	1201400	1201401	-0.793
chr1	1201401	1201402	0.503
chr1	1201402	1201403	0.433
chr1	1201403	1201404	-0.25
chr1	1201404	1201405	-0.719
chr1	1201405	1201406	-0.213
chr1	1201406	1201407	-0.282
chr1	1201407	1201408	0.147
chr1	1201408	1201409	-0.483
chr1	1201409	1201410	0.175
chr1	1201410	1201411	-0.195
chr1	1201411	1201412	0.331
chr1	1201412	1201413	-0.489
chr1	1201413	1201414	0.289
chr1	1201414	1201415	0.472
chr1	1201415	1201416	-1.434
chr1	1201416	1201417	0.456
chr1	1201417	1201418	-0.899
chr1	1201418	1201419	0.489
chr1	1201419	1201420	-0.218
chr1	1201420	1201421	-1.424
chr1	1201421	1201422	-0.234
chr1	1201422	1201423	0.02
chr1	1201423	1201424	-0.172
chr1	1201424	1201425	0.485
chr1	1201425	1201426	0.006
chr1	1201426	1201427	-1.567
chr1	1201427	1201428	-0.704
chr1	1201428	1201429	-0.003
chr1	1201429	1201430	-0.359
chr1	1201430	1201431	0.366
chr1	1201431	1201432	-0.024
chr1	1201432	1201433	-0.92
chr1	1201433	1201434	-0.634
chr1	1201434	1201435	-3.207
chr1	1201435	1201436	0.227
chr1	1201436	1201437	0.21
chr1	1201437	1201438	-0.689
chr1	1201438	1201439	1.036
chr1	1201439	1201440	0.243
chr1	1201440	1201441	-0.144
chr1	1201441	1201442	0.295
chr1	1201442	1201443	0.232
chr1	1201443	1201444	1.211
chr1	1201444	1201445	-0.113
chr1	1201445	1201446	0.237
chr1	1201446	1201447	-2.682
chr1	1201447	1201448	-0.498
chr1	1201448	1201449	0.291
chr1	1201449	1201450	-0.328
chr1	1201450	1201451	-1.705
chr1	1201451	1201452	-0.79
chr1	1201452	1201453	-0.051
chr1	1201453	1201454	0.318
chr1	1201454	1201455	0.011
chr1	1201455	1201456	0.231
chr1	1201456	1201457	-0.107
chr1	1201457	1201458	-1.115
chr1	1201458	1201459	-1.438
chr1	1201459	1201460	-0.22
chr1	1201460	1201461	0.113
chr1	1201461	1201462	-0.224
chr1	1201462	1201463	0.514
chr1	1201463	1201464	-0.131
chr1	1201464	1201465	-0.903
chr1	1201465	1201466	-1.166
chr1	1201466	1201467	-1.376
chr1	1201467	1201468	0.055
chr1	1201468	1201469	0.375
chr1	1201469	1201470	0.397
chr1	1201470	1201471	0.393
chr1	1201471	1201472	0.109
chr1	1201472	1201473	-0.03
chr1	1201473	1201474	-1.827
chr1	1201474	1201475	0.006
chr1	1201475	1201476	1.717
chr1	1201476	1201477	-0.572
