chr1	1236072	1236073	7.393
chr1	1236073	1236074	5.828
chr1	1236074	1236075	1.192
chr1	1236075	1236076	-0.009
chr1	1236076	1236077	0.823
chr1	1236077	1236078	0.323
chr1	1236078	1236079	-0.445
chr1	1236079	1236080	-0.337
chr1	1236080	1236081	0.069
chr1	1236081	1236082	1.391
chr1	1236082	1236083	-1.217
chr1	1236083	1236084	0.066
chr1	1236084	1236085	-0.191
chr1	1236085	1236086	-0.089
chr1	1236086	1236087	-0.847
chr1	1236087	1236088	0.33
chr1	1236088	1236089	1.16
chr1	1236089	1236090	0.16
chr1	1236090	1236091	0.529
chr1	1236091	1236092	0.449
chr1	1236092	1236093	1.44
chr1	1236093	1236094	0.078
chr1	1236094	1236095	1.017
chr1	1236095	1236096	0.175
chr1	1236096	1236097	-0.963
chr1	1236097	1236098	-0.261
chr1	1236098	1236099	0.784
chr1	1236099	1236100	0.492
chr1	1236100	1236101	-0.098
chr1	1236101	1236102	-0.33
chr1	1236102	1236103	0.214
chr1	1236103	1236104	0.27
chr1	1236104	1236105	-1.091
chr1	1236105	1236106	-0.202
chr1	1236106	1236107	0.525
chr1	1236107	1236108	0.223
chr1	1236108	1236109	-0.344
chr1	1236109	1236110	1.716
chr1	1236110	1236111	1.097
chr1	1236111	1236112	-0.195
chr1	1236112	1236113	1.201
chr1	1236113	1236114	-1.766
chr1	1236114	1236115	-0.304
chr1	1236115	1236116	-0.088
chr1	1236116	1236117	0.086
chr1	1236117	1236118	0.219
chr1	1236118	1236119	0.556
chr1	1236119	1236120	0.26
chr1	1236120	1236121	-0.678
chr1	1236121	1236122	-0.073
chr1	1236122	1236123	0.585
chr1	1236123	1236124	-0.822
chr1	1236124	1236125	-0.093
chr1	1236125	1236126	-0.228
chr1	1236126	1236127	-0.022
chr1	1236127	1236128	0.056
chr1	1236128	1236129	0.098
chr1	1236129	1236130	0.02
chr1	1236130	1236131	0.031
chr1	1236131	1236132	-0.41
chr1	1236132	1236133	-0.088
chr1	1236133	1236134	-0.054
chr1	1236134	1236135	-0.473
chr1	1236135	1236136	1.84
chr1	1236136	1236137	0.363
chr1	1236137	1236138	0.459
chr1	1236138	1236139	-0.353
chr1	1236139	1236140	1.118
chr1	1236140	1236141	-1.013
chr1	1236141	1236142	-0.233
chr1	1236142	1236143	0.007
chr1	1236143	1236144	-0.417
chr1	1236144	1236145	-0.484
chr1	1236145	1236146	0.375
chr1	1236146	1236147	-0.748
chr1	1236147	1236148	0.268
chr1	1236148	1236149	1.766
chr1	1236149	1236150	1.686
chr1	1236150	1236151	-0.252
chr1	1236151	1236152	0.353
chr1	1236152	1236153	-0.388
chr1	1236153	1236154	1.718
chr1	1236154	1236155	0.278
chr1	1236155	1236156	0.106
chr1	1236156	1236157	1.912
chr1	1236157	1236158	-0.844
chr1	1236158	1236159	0.778
chr1	1236159	1236160	0.703
chr1	1236160	1236161	0.848
chr1	1236161	1236162	-0.2
chr1	1236162	1236163	-0.012
chr1	1236163	1236164	1.06
chr1	1236164	1236165	0.526
chr1	1236165	1236166	0.661
chr1	1236166	1236167	0.863
chr1	1236167	1236168	-1.073
chr1	1236168	1236169	-0.056
chr1	1236169	1236170	0.13
chr1	1236170	1236171	0.304
chr1	1236171	1236172	0.236
chr1	1236172	1236173	-0.671
chr1	1236173	1236174	1.548
chr1	1236174	1236175	0.393
chr1	1236175	1236176	0.602
chr1	1236176	1236177	-0.427
chr1	1236177	1236178	0.39
chr1	1236178	1236179	1.558
chr1	1236179	1236180	0.285
chr1	1236180	1236181	-1.234
chr1	1236181	1236182	0.263
chr1	1236182	1236183	0.048
chr1	1236183	1236184	-0.289
chr1	1236184	1236185	0.737
chr1	1236185	1236186	-0.234
chr1	1236186	1236187	-0.618
chr1	1236187	1236188	-0.256
chr1	1236188	1236189	-0.107
chr1	1236189	1236190	-0.724
chr1	1236190	1236191	-0.001
chr1	1236191	1236192	-0.087
chr1	1236192	1236193	-0.69
chr1	1236193	1236194	-0.792
chr1	1236194	1236195	0.232
chr1	1236195	1236196	-0.361
chr1	1236196	1236197	0.255
chr1	1236197	1236198	0.73
chr1	1236198	1236199	-0.097
chr1	1236199	1236200	0.226
chr1	1236200	1236201	1.548
chr1	1236201	1236202	0.954
chr1	1236202	1236203	-0.082
chr1	1236203	1236204	-0.292
chr1	1236204	1236205	0.981
chr1	1236205	1236206	0.305
chr1	1236206	1236208	0.349
chr1	1236208	1236209	0.31
chr1	1236209	1236211	0.364
chr1	1236211	1236212	-0.657
chr1	1236212	1236213	-1.62
chr1	1236213	1236214	0.018
chr1	1236214	1236215	-1.757
chr1	1236215	1236216	-1.668
chr1	1236216	1236217	-0.248
chr1	1236217	1236218	1.146
chr1	1236218	1236219	-0.229
chr1	1236219	1236220	-1.201
chr1	1236220	1236221	-0.91
chr1	1236221	1236222	1.377
chr1	1236222	1236223	0.018
chr1	1236223	1236224	-0.891
chr1	1236224	1236225	1.146
chr1	1236225	1236226	0.93
chr1	1236226	1236228	-0.26
chr1	1236228	1236229	-3.663
chr1	1236229	1236230	-0.544
chr1	1236230	1236231	-0.76
chr1	1236231	1236232	-0.75
chr1	1236232	1236233	-0.403
chr1	1236233	1236234	0.16
chr1	1236234	1236235	-2.096
chr1	1236235	1236236	0.106
chr1	1236236	1236237	-0.548
chr1	1236237	1236238	-0.012
chr1	1236238	1236239	1.108
chr1	1236239	1236240	-0.313
chr1	1236240	1236241	-0.006
chr1	1236241	1236242	0.107
chr1	1236242	1236243	-0.254
chr1	1236243	1236244	-5.206
chr1	1236244	1236245	-0.314
chr1	1236245	1236246	-0.943
chr1	1236246	1236247	-0.195
chr1	1236247	1236249	0.502
chr1	1236249	1236250	-0.465
chr1	1236250	1236251	-0.95
chr1	1236251	1236252	0.565
chr1	1236252	1236253	0.59
chr1	1236253	1236254	0.076
chr1	1236254	1236255	-1.951
chr1	1236255	1236256	1.138
chr1	1236256	1236257	1.026
chr1	1236257	1236258	-1.004
chr1	1236258	1236259	1.002
chr1	1236259	1236260	-0.103
chr1	1236260	1236261	1.108
chr1	1236261	1236262	0.024
chr1	1236262	1236263	0.141
chr1	1236263	1236264	-0.184
chr1	1236264	1236265	1.108
chr1	1236265	1236266	-0.406
chr1	1236266	1236267	0.121
chr1	1236267	1236268	0.091
chr1	1236268	1236269	-0.235
chr1	1236269	1236270	1.043
chr1	1236270	1236271	-1.958
chr1	1236271	1236272	-2.118
chr1	1236272	1236273	-0.049
chr1	1236273	1236275	1.108
chr1	1236275	1236276	0.107
chr1	1236276	1236277	-0.848
chr1	1236277	1236278	0.188
chr1	1236278	1236279	1.186
chr1	1236279	1236280	-0.008
chr1	1236280	1236281	-1.126
chr1	1236281	1236282	-0.287
chr1	1236282	1236283	0.106
chr1	1236283	1236284	0.104
chr1	1236284	1236286	1.326
chr1	1236286	1236287	0.276
chr1	1236287	1236288	0.128
chr1	1236288	1236289	0.096
chr1	1236289	1236290	0.109
chr1	1236290	1236291	-0.481
chr1	1236291	1236292	0.16
chr1	1236292	1236293	-0.061
chr1	1236293	1236294	1.043
chr1	1236294	1236295	-0.486
chr1	1236295	1236296	-0.013
chr1	1236296	1236297	-0.682
chr1	1236297	1236298	-1.521
chr1	1236298	1236299	-0.795
chr1	1236299	1236300	-1.327
chr1	1236300	1236301	-0.172
chr1	1236301	1236302	-0.419
chr1	1236302	1236303	-0.089
chr1	1236303	1236304	-0.22
chr1	1236304	1236306	0.959
chr1	1236306	1236307	0.182
chr1	1236307	1236308	-2.504
chr1	1236308	1236309	-0.28
chr1	1236309	1236310	0.959
chr1	1236310	1236311	-1.224
chr1	1236311	1236312	-0.211
chr1	1236312	1236313	-0.256
chr1	1236313	1236314	0.182
chr1	1236314	1236316	-0.015
chr1	1236316	1236317	0.862
chr1	1236317	1236318	-0.024
chr1	1236318	1236319	1.115
chr1	1236319	1236320	-0.024
chr1	1236320	1236321	-0.012
chr1	1236321	1236323	0.067
chr1	1236323	1236324	-0.219
chr1	1236324	1236325	0.067
chr1	1236325	1236326	0.862
chr1	1236326	1236327	-0.152
chr1	1236327	1236328	0.89
chr1	1236328	1236329	-0.184
chr1	1236329	1236330	-0.011
chr1	1236330	1236331	0.003
chr1	1236331	1236332	-0.311
chr1	1236332	1236333	-0.832
chr1	1236333	1236334	1.138
chr1	1236334	1236335	-1.656
chr1	1236335	1236336	-0.509
chr1	1236336	1236337	-1.49
chr1	1236337	1236338	-0.86
chr1	1236338	1236339	0.197
chr1	1236339	1236340	0.502
chr1	1236340	1236341	-0.313
chr1	1236341	1236342	0.502
chr1	1236342	1236343	-0.32
chr1	1236343	1236344	-0.398
chr1	1236344	1236346	0.492
chr1	1236346	1236347	-0.379
chr1	1236347	1236348	-1.264
chr1	1236348	1236349	-0.195
chr1	1236349	1236350	0.502
chr1	1236350	1236351	-0.305
chr1	1236351	1236353	1.186
chr1	1236353	1236354	-0.468
chr1	1236354	1236355	0.077
chr1	1236355	1236356	1.138
chr1	1236356	1236357	-1.156
chr1	1236357	1236358	1.186
chr1	1236358	1236359	1.108
chr1	1236359	1236360	-0.049
chr1	1236360	1236362	1.326
chr1	1236362	1236363	-0.67
chr1	1236363	1236364	-0.297
chr1	1236364	1236365	-0.347
chr1	1236365	1236366	-1.156
chr1	1236366	1236367	-1.186
chr1	1236367	1236368	-0.481
chr1	1236368	1236369	-0.866
chr1	1236369	1236370	-0.851
chr1	1236370	1236371	-0.984
chr1	1236371	1236372	0.107
chr1	1236372	1236373	0.106
chr1	1236373	1236374	-1.417
chr1	1236374	1236375	-1.619
chr1	1236375	1236376	-0.375
chr1	1236376	1236378	1.108
chr1	1236378	1236379	-0.466
chr1	1236379	1236380	-0.349
chr1	1236380	1236381	-0.132
chr1	1236381	1236382	1.043
chr1	1236382	1236383	-0.692
chr1	1236383	1236384	-0.398
chr1	1236384	1236385	-0.239
chr1	1236385	1236386	-1.282
chr1	1236386	1236387	-0.313
chr1	1236387	1236388	-1.71
chr1	1236388	1236389	0.492
chr1	1236389	1236390	-1.066
chr1	1236390	1236391	-0.32
chr1	1236391	1236392	-0.465
chr1	1236392	1236393	-0.351
chr1	1236393	1236394	-2.031
chr1	1236394	1236395	0.015
chr1	1236395	1236396	0.153
chr1	1236396	1236397	-1.94
chr1	1236397	1236398	-1.547
chr1	1236398	1236399	0.28
chr1	1236399	1236400	1.326
chr1	1236400	1236401	-0.396
chr1	1236401	1236402	0.088
chr1	1236402	1236403	0.106
chr1	1236403	1236404	1.104
chr1	1236404	1236405	0.139
chr1	1236405	1236406	1.104
chr1	1236406	1236407	-0.806
chr1	1236407	1236408	-0.348
chr1	1236408	1236409	-0.371
chr1	1236409	1236410	-0.369
chr1	1236410	1236411	-0.689
chr1	1236411	1236412	0.193
chr1	1236412	1236413	0.001
chr1	1236413	1236414	-0.612
chr1	1236414	1236415	0.276
chr1	1236415	1236416	1.321
chr1	1236416	1236417	-0.195
chr1	1236417	1236418	-0.689
chr1	1236418	1236419	0.138
chr1	1236419	1236420	-1.711
chr1	1236420	1236421	0.061
chr1	1236421	1236422	-0.304
chr1	1236422	1236423	1.265
chr1	1236423	1236424	0.272
chr1	1236424	1236425	1.321
chr1	1236425	1236426	0.054
chr1	1236426	1236427	-2.513
chr1	1236427	1236428	-0.294
chr1	1236428	1236429	1.321
chr1	1236429	1236430	0.536
chr1	1236430	1236431	-0.253
chr1	1236431	1236432	-0.436
chr1	1236432	1236433	0.042
chr1	1236433	1236434	-0.332
chr1	1236434	1236435	1.089
chr1	1236435	1236436	-0.011
chr1	1236436	1236437	0.121
chr1	1236437	1236438	1.089
chr1	1236438	1236439	1.113
chr1	1236439	1236440	-0.375
chr1	1236440	1236441	0.947
chr1	1236441	1236442	-0.463
chr1	1236442	1236443	1.113
chr1	1236443	1236444	-0.013
chr1	1236444	1236445	-0.116
chr1	1236445	1236446	0.043
chr1	1236446	1236447	-0.11
chr1	1236447	1236448	1.26
chr1	1236448	1236449	0.182
chr1	1236449	1236450	-0.768
chr1	1236450	1236451	-0.642
chr1	1236451	1236452	-0.069
chr1	1236452	1236453	0.802
chr1	1236453	1236454	-0.186
chr1	1236454	1236455	0.802
chr1	1236455	1236456	-0.225
chr1	1236456	1236457	0.802
chr1	1236457	1236458	0.88
chr1	1236458	1236459	-0.069
chr1	1236459	1236460	0.802
chr1	1236460	1236461	-0.069
chr1	1236461	1236462	0.242
chr1	1236462	1236463	1.012
chr1	1236463	1236464	1.26
chr1	1236464	1236465	-0.931
chr1	1236465	1236466	-2.665
chr1	1236466	1236467	-0.304
chr1	1236467	1236468	-0.268
chr1	1236468	1236469	1.26
chr1	1236469	1236470	0.086
chr1	1236470	1236471	-0.162
chr1	1236471	1236472	1.057
chr1	1236472	1236473	-0.938
chr1	1236473	1236474	0.122
chr1	1236474	1236475	0.033
chr1	1236475	1236476	0.031
chr1	1236476	1236477	-0.442
chr1	1236477	1236478	-0.05
chr1	1236478	1236479	-0.407
chr1	1236479	1236480	0.042
chr1	1236480	1236481	0.063
chr1	1236481	1236482	-0.346
chr1	1236482	1236483	1.26
chr1	1236483	1236484	0.004
chr1	1236484	1236485	-0.436
chr1	1236485	1236486	-0.39
chr1	1236486	1236487	0.221
chr1	1236487	1236489	1.26
chr1	1236489	1236490	0.069
chr1	1236490	1236491	-0.302
chr1	1236491	1236492	0.182
chr1	1236492	1236493	0.098
chr1	1236493	1236494	0.251
chr1	1236494	1236495	1.307
chr1	1236495	1236496	0.234
chr1	1236496	1236497	0.057
chr1	1236497	1236498	0.068
chr1	1236498	1236499	1.326
chr1	1236499	1236500	-0.328
chr1	1236500	1236501	-0.236
chr1	1236501	1236502	0.276
chr1	1236502	1236503	-0.341
chr1	1236503	1236504	0.234
chr1	1236504	1236505	1.108
chr1	1236505	1236506	1.27
chr1	1236506	1236507	1.326
chr1	1236507	1236508	-0.049
chr1	1236508	1236509	-0.023
chr1	1236509	1236510	1.313
chr1	1236510	1236511	-0.798
chr1	1236511	1236512	0.118
chr1	1236512	1236513	0.049
chr1	1236513	1236514	0.55
chr1	1236514	1236515	-1.022
chr1	1236515	1236516	0.489
chr1	1236516	1236517	-1.409
chr1	1236517	1236518	-0.257
chr1	1236518	1236519	0.972
chr1	1236519	1236520	1.102
chr1	1236520	1236521	-0.029
chr1	1236521	1236522	0.084
chr1	1236522	1236523	0.042
chr1	1236523	1236524	0.049
chr1	1236524	1236525	1.258
chr1	1236525	1236526	-0.367
chr1	1236526	1236527	-0.251
chr1	1236527	1236528	0.186
chr1	1236528	1236529	-0.002
chr1	1236529	1236530	-0.973
chr1	1236530	1236531	1.313
chr1	1236531	1236532	-0.367
chr1	1236532	1236533	-0.403
chr1	1236533	1236534	-0.099
chr1	1236534	1236535	-0.837
chr1	1236535	1236536	-1.639
chr1	1236536	1236537	-0.561
chr1	1236537	1236538	-0.103
chr1	1236538	1236539	0.054
chr1	1236539	1236540	0.06
chr1	1236540	1236541	0.084
chr1	1236541	1236542	1.098
chr1	1236542	1236543	-0.381
chr1	1236543	1236544	-2.526
chr1	1236544	1236545	-0.158
chr1	1236545	1236546	-1.468
chr1	1236546	1236547	-0.397
chr1	1236547	1236548	0.06
chr1	1236548	1236549	-0.103
chr1	1236549	1236550	-0.486
chr1	1236550	1236551	0.169
chr1	1236551	1236552	-0.362
chr1	1236552	1236553	0.151
chr1	1236553	1236554	-0.458
chr1	1236554	1236555	0.26
chr1	1236555	1236556	0.489
chr1	1236556	1236557	-1.644
chr1	1236557	1236558	-0.341
chr1	1236558	1236559	0.489
chr1	1236559	1236561	0.48
chr1	1236561	1236562	0.948
chr1	1236562	1236563	0.075
chr1	1236563	1236564	-0.367
chr1	1236564	1236565	1.098
chr1	1236565	1236566	-0.779
chr1	1236566	1236567	0.153
chr1	1236567	1236568	-2.675
chr1	1236568	1236569	0.272
chr1	1236569	1236570	-0.762
chr1	1236570	1236571	-0.419
chr1	1236571	1236572	1.124
chr1	1236572	1236573	-0.103
chr1	1236573	1236574	0.054
chr1	1236574	1236575	-1.692
chr1	1236575	1236576	-1.844
chr1	1236576	1236577	-0.573
chr1	1236577	1236578	1.172
chr1	1236578	1236579	1.016
chr1	1236579	1236580	0.26
chr1	1236580	1236581	0.278
chr1	1236581	1236582	1.098
chr1	1236582	1236583	-0.817
chr1	1236583	1236584	-0.024
chr1	1236584	1236585	-1.851
chr1	1236585	1236586	-0.308
chr1	1236586	1236587	-1.83
chr1	1236587	1236588	-0.243
chr1	1236588	1236589	-0.477
chr1	1236589	1236590	0.99
chr1	1236590	1236591	0.008
chr1	1236591	1236592	0.26
chr1	1236592	1236593	-0.173
chr1	1236593	1236594	-0.03
chr1	1236594	1236595	-0.415
chr1	1236595	1236596	0.014
chr1	1236596	1236597	-0.024
chr1	1236597	1236598	1.172
chr1	1236598	1236599	-0.813
chr1	1236599	1236600	1.172
chr1	1236600	1236602	0.012
chr1	1236602	1236603	-0.03
chr1	1236603	1236604	0.992
chr1	1236604	1236605	0.069
chr1	1236605	1236606	1.126
chr1	1236606	1236607	0.077
chr1	1236607	1236608	-0.725
chr1	1236608	1236609	-0.089
chr1	1236609	1236610	-0.086
chr1	1236610	1236611	-2.391
chr1	1236611	1236613	1.149
chr1	1236613	1236614	0.452
chr1	1236614	1236615	-0.38
chr1	1236615	1236616	-1.688
chr1	1236616	1236617	0.517
chr1	1236617	1236618	-1.322
chr1	1236618	1236620	0.461
chr1	1236620	1236621	0.079
chr1	1236621	1236622	-0.316
chr1	1236622	1236623	-0.323
chr1	1236623	1236624	0.129
chr1	1236624	1236625	-0.083
chr1	1236625	1236626	-0.877
chr1	1236626	1236627	1.076
chr1	1236627	1236628	1.102
chr1	1236628	1236629	-0.403
chr1	1236629	1236630	0.135
chr1	1236630	1236631	0.129
chr1	1236631	1236632	0.135
chr1	1236632	1236633	-0.962
chr1	1236633	1236634	0.426
chr1	1236634	1236635	0.369
chr1	1236635	1236636	-0.802
chr1	1236636	1236637	0.369
chr1	1236637	1236638	-1.412
chr1	1236638	1236639	-0.556
chr1	1236639	1236642	0.384
chr1	1236642	1236643	-1.98
chr1	1236643	1236645	-0.556
chr1	1236645	1236646	-1.872
chr1	1236646	1236647	0.384
chr1	1236647	1236649	0.461
chr1	1236649	1236650	-0.386
chr1	1236650	1236651	-0.02
chr1	1236651	1236652	-0.932
chr1	1236652	1236653	-0.398
chr1	1236653	1236654	-0.982
chr1	1236654	1236655	0.118
chr1	1236655	1236656	-0.373
chr1	1236656	1236657	-0.82
chr1	1236657	1236658	-1.059
chr1	1236658	1236659	0.136
chr1	1236659	1236660	-4.868
chr1	1236660	1236661	-0.81
chr1	1236661	1236662	1.102
chr1	1236662	1236663	1.149
chr1	1236663	1236664	-0.38
chr1	1236664	1236665	-0.47
chr1	1236665	1236666	1.149
chr1	1236666	1236667	0.01
chr1	1236667	1236668	0.974
chr1	1236668	1236669	-0.38
chr1	1236669	1236670	0.042
chr1	1236670	1236671	0.049
chr1	1236671	1236672	0.13
chr1	1236672	1236673	-0.403
chr1	1236673	1236674	0.028
chr1	1236674	1236675	0.082
chr1	1236675	1236676	0.135
chr1	1236676	1236677	0.079
chr1	1236677	1236678	1.076
chr1	1236678	1236679	0.095
chr1	1236679	1236680	0.042
chr1	1236680	1236681	1.076
chr1	1236681	1236682	0.261
chr1	1236682	1236683	0.298
chr1	1236683	1236684	0.087
chr1	1236684	1236685	-0.304
chr1	1236685	1236686	0.974
chr1	1236686	1236687	-0.001
chr1	1236687	1236688	0.161
chr1	1236688	1236689	-0.287
chr1	1236689	1236690	0.083
chr1	1236690	1236691	1.149
chr1	1236691	1236692	-0.412
chr1	1236692	1236693	-1.226
chr1	1236693	1236694	0.974
chr1	1236694	1236695	0.162
chr1	1236695	1236696	-0.04
chr1	1236696	1236697	0.073
chr1	1236697	1236698	-0.036
chr1	1236698	1236699	0.353
chr1	1236699	1236700	0.48
chr1	1236700	1236701	-0.44
chr1	1236701	1236702	0.948
chr1	1236702	1236703	-1.718
chr1	1236703	1236704	0.006
chr1	1236704	1236705	-0.008
chr1	1236705	1236706	1.098
chr1	1236706	1236707	-0.781
chr1	1236707	1236708	0.114
chr1	1236708	1236709	-0.356
chr1	1236709	1236710	0.154
chr1	1236710	1236711	0.081
chr1	1236711	1236712	-0.094
chr1	1236712	1236713	0.008
chr1	1236713	1236714	0.112
chr1	1236714	1236715	-0.067
chr1	1236715	1236716	-0.008
chr1	1236716	1236717	0.183
chr1	1236717	1236718	1.098
chr1	1236718	1236719	-0.004
chr1	1236719	1236720	-0.56
chr1	1236720	1236721	-0.327
chr1	1236721	1236722	1.098
chr1	1236722	1236723	-0.362
chr1	1236723	1236724	1.098
chr1	1236724	1236725	-2.692
chr1	1236725	1236726	-1.072
chr1	1236726	1236727	1.098
chr1	1236727	1236728	-0.663
chr1	1236728	1236729	0.301
chr1	1236729	1236730	-0.58
chr1	1236730	1236731	1.103
chr1	1236731	1236732	-0.35
chr1	1236732	1236733	0.136
chr1	1236733	1236734	-0.776
chr1	1236734	1236735	-0.727
chr1	1236735	1236736	-0.224
chr1	1236736	1236737	-0.314
chr1	1236737	1236738	0.178
chr1	1236738	1236739	-0.458
chr1	1236739	1236740	-2.344
chr1	1236740	1236741	-0.508
chr1	1236741	1236742	-0.314
chr1	1236742	1236743	0.1
chr1	1236743	1236744	0.076
chr1	1236744	1236745	0.939
chr1	1236745	1236746	-0.545
chr1	1236746	1236747	-0.023
chr1	1236747	1236748	-0
chr1	1236748	1236749	-0.027
chr1	1236749	1236750	0.155
chr1	1236750	1236751	-0.516
chr1	1236751	1236752	0.183
chr1	1236752	1236753	0.092
chr1	1236753	1236754	0.182
chr1	1236754	1236755	0.096
chr1	1236755	1236756	1.14
chr1	1236756	1236757	-0.86
chr1	1236757	1236758	0.195
chr1	1236758	1236759	-0.387
chr1	1236759	1236760	-0.491
chr1	1236760	1236761	0.169
chr1	1236761	1236762	-0.309
chr1	1236762	1236763	-0.174
chr1	1236763	1236764	-0.315
chr1	1236764	1236765	0.267
chr1	1236765	1236766	0.261
chr1	1236766	1236767	-1.59
chr1	1236767	1236768	-0.416
chr1	1236768	1236769	0.261
chr1	1236769	1236770	0.228
chr1	1236770	1236771	-0.868
chr1	1236771	1236772	-0.008
chr1	1236772	1236773	-0.347
chr1	1236773	1236774	0.183
chr1	1236774	1236775	0.267
chr1	1236775	1236776	-0.824
chr1	1236776	1236777	1.098
chr1	1236777	1236778	0.124
chr1	1236778	1236779	-0.134
chr1	1236779	1236780	-0.924
chr1	1236780	1236781	0.166
chr1	1236781	1236782	0.124
chr1	1236782	1236783	-0.386
chr1	1236783	1236784	0.073
chr1	1236784	1236785	-0.185
chr1	1236785	1236786	-2.974
chr1	1236786	1236787	0.159
chr1	1236787	1236788	-0.362
chr1	1236788	1236789	-0.708
chr1	1236789	1236790	1.098
chr1	1236790	1236791	0.081
chr1	1236791	1236792	-0.552
chr1	1236792	1236794	1.098
chr1	1236794	1236795	-1.126
chr1	1236795	1236796	-1.554
chr1	1236796	1236797	-0.877
chr1	1236797	1236798	1.098
chr1	1236798	1236799	0.124
chr1	1236799	1236800	-0.283
chr1	1236800	1236801	-0.38
chr1	1236801	1236802	-2.731
chr1	1236802	1236803	-0.037
chr1	1236803	1236804	-0.391
chr1	1236804	1236805	-0.59
chr1	1236805	1236806	-0.624
chr1	1236806	1236807	0.201
chr1	1236807	1236808	-1.173
chr1	1236808	1236809	0.181
chr1	1236809	1236810	-1.212
chr1	1236810	1236811	0.196
chr1	1236811	1236812	-1.026
chr1	1236812	1236813	0.196
chr1	1236813	1236814	-0.686
chr1	1236814	1236815	0.31
chr1	1236815	1236816	-0.623
chr1	1236816	1236817	-0.64
chr1	1236817	1236820	0.31
chr1	1236820	1236821	-0.676
chr1	1236821	1236822	-0.015
chr1	1236822	1236824	0.862
chr1	1236824	1236826	-0.015
chr1	1236826	1236827	0.862
chr1	1236827	1236828	0.958
chr1	1236828	1236829	-0.379
chr1	1236829	1236830	1.138
chr1	1236830	1236831	-0.903
chr1	1236831	1236832	-0.248
chr1	1236832	1236833	-0.397
chr1	1236833	1236834	-0.311
chr1	1236834	1236835	-0.643
chr1	1236835	1236836	1.265
chr1	1236836	1236837	-0.281
chr1	1236837	1236838	-0.438
chr1	1236838	1236839	0.112
chr1	1236839	1236840	-0.315
chr1	1236840	1236841	-0.649
chr1	1236841	1236842	1.058
chr1	1236842	1236843	0.125
chr1	1236843	1236844	1.058
chr1	1236844	1236845	1.212
chr1	1236845	1236846	-0.259
chr1	1236846	1236847	0.007
chr1	1236847	1236848	-0.207
chr1	1236848	1236849	-1.167
chr1	1236849	1236850	-0.335
chr1	1236850	1236851	0.142
chr1	1236851	1236852	-1.658
chr1	1236852	1236853	0.075
chr1	1236853	1236854	1.158
chr1	1236854	1236855	-0.515
chr1	1236855	1236856	1.218
chr1	1236856	1236857	-0.034
chr1	1236857	1236858	0.229
chr1	1236858	1236859	-1.086
chr1	1236859	1236860	0.219
chr1	1236860	1236861	-0.254
chr1	1236861	1236862	0.324
chr1	1236862	1236863	-0.113
chr1	1236863	1236864	-1.455
chr1	1236864	1236865	-0.911
chr1	1236865	1236866	-0.153
chr1	1236866	1236867	-0.446
chr1	1236867	1236868	-0.594
chr1	1236868	1236869	0.404
chr1	1236869	1236870	-0.188
chr1	1236870	1236871	0.237
chr1	1236871	1236872	-0.364
chr1	1236872	1236873	-1.568
chr1	1236873	1236874	-0.259
chr1	1236874	1236875	-1.184
chr1	1236875	1236876	-0.99
chr1	1236876	1236877	0.458
chr1	1236877	1236878	-0.31
chr1	1236878	1236879	-0.264
chr1	1236879	1236880	-0.237
chr1	1236880	1236881	-2.34
chr1	1236881	1236882	-0.248
chr1	1236882	1236883	-0.927
chr1	1236883	1236884	-0.248
chr1	1236884	1236885	-1.429
chr1	1236885	1236886	0.003
chr1	1236886	1236887	-0.41
chr1	1236887	1236888	-1.358
chr1	1236888	1236889	0.274
chr1	1236889	1236890	-0.086
chr1	1236890	1236891	-3.834
chr1	1236891	1236892	-1.608
chr1	1236892	1236893	1.57
chr1	1236893	1236894	-1.881
chr1	1236894	1236895	-0.142
chr1	1236895	1236896	-0.866
chr1	1236896	1236897	1.291
chr1	1236897	1236898	-0.837
chr1	1236898	1236899	-0.225
chr1	1236899	1236901	0.671
chr1	1236901	1236902	-0.898
chr1	1236902	1236903	-1.792
chr1	1236903	1236904	-5.459
chr1	1236904	1236905	-0.388
chr1	1236905	1236906	-1.026
chr1	1236906	1236907	-0.035
chr1	1236907	1236908	-1.089
chr1	1236908	1236909	-0.075
chr1	1236909	1236910	-0.471
chr1	1236910	1236911	-1.244
chr1	1236911	1236912	0.01
chr1	1236912	1236913	-1.298
chr1	1236913	1236914	1.295
chr1	1236914	1236915	-1.117
chr1	1236915	1236916	0.198
chr1	1236916	1236917	0.838
chr1	1236917	1236918	-0.105
chr1	1236918	1236919	0.016
chr1	1236919	1236920	-0.611
chr1	1236920	1236921	-0.175
chr1	1236921	1236922	0.215
chr1	1236922	1236923	2.027
chr1	1236923	1236924	0.763
chr1	1236924	1236925	0.821
chr1	1236925	1236926	-1.495
chr1	1236926	1236927	-0.263
chr1	1236927	1236928	-0.24
chr1	1236928	1236929	-0.984
chr1	1236929	1236930	-2.215
chr1	1236930	1236931	-0.4
chr1	1236931	1236932	0.22
chr1	1236932	1236933	0.249
chr1	1236933	1236934	-0.636
chr1	1236934	1236935	-0.121
chr1	1236935	1236936	1.258
chr1	1236936	1236937	1.208
chr1	1236937	1236938	0.531
chr1	1236938	1236939	-0.535
chr1	1236939	1236940	0.463
chr1	1236940	1236941	0.426
chr1	1236941	1236942	0.446
chr1	1236942	1236943	-0.578
chr1	1236943	1236944	-1.07
chr1	1236944	1236945	-1.704
chr1	1236945	1236946	-0.159
chr1	1236946	1236947	-1.258
chr1	1236947	1236948	-1.497
chr1	1236948	1236949	1.042
chr1	1236949	1236950	-0.938
chr1	1236950	1236951	-3.912
chr1	1236951	1236952	0.172
chr1	1236952	1236953	-0.731
chr1	1236953	1236954	-1.363
chr1	1236954	1236955	-0.52
chr1	1236955	1236956	-2.171
chr1	1236956	1236957	-1.407
chr1	1236957	1236958	-1.143
chr1	1236958	1236959	0.514
chr1	1236959	1236960	-2.684
chr1	1236960	1236961	-0.588
chr1	1236961	1236962	-2.846
chr1	1236962	1236963	-0.746
chr1	1236963	1236964	-2.642
chr1	1236964	1236965	0.391
chr1	1236965	1236966	-2.66
chr1	1236966	1236967	-1.31
chr1	1236967	1236968	-2.739
chr1	1236968	1236969	-0.226
chr1	1236969	1236970	0.054
chr1	1236970	1236971	-0.844
chr1	1236971	1236972	-0.382
chr1	1236972	1236973	0.098
chr1	1236973	1236974	-0.158
chr1	1236974	1236975	-0.468
chr1	1236975	1236976	-1.178
chr1	1236976	1236977	0.299
chr1	1236977	1236978	-1.739
chr1	1236978	1236979	0.185
chr1	1236979	1236980	-2.281
chr1	1236980	1236981	-0.747
chr1	1236981	1236982	-0.358
chr1	1236982	1236983	-0.574
chr1	1236983	1236984	0.681
chr1	1236984	1236985	-0.741
chr1	1236985	1236986	-1.164
chr1	1236986	1236987	-1.22
chr1	1236987	1236988	-0.418
chr1	1236988	1236989	0.101
chr1	1236989	1236990	-0.033
chr1	1236990	1236991	-0.303
chr1	1236991	1236992	-2.467
chr1	1236992	1236993	-2.373
chr1	1236993	1236994	-3.893
chr1	1236994	1236995	-3.251
chr1	1236995	1236996	-0.843
chr1	1236996	1236997	-0.948
chr1	1236997	1236998	-0.517
chr1	1236998	1236999	0.351
chr1	1236999	1237000	-0.01
chr1	1237000	1237001	0.852
chr1	1237001	1237002	-1.445
chr1	1237002	1237003	-0.62
chr1	1237003	1237004	-0.259
chr1	1237004	1237005	1.062
chr1	1237005	1237006	-0.283
chr1	1237006	1237007	-0.786
chr1	1237007	1237008	-0.184
chr1	1237008	1237009	-2.584
chr1	1237009	1237010	-0.826
chr1	1237010	1237011	-0.23
chr1	1237011	1237012	-0.221
chr1	1237012	1237013	-0.716
chr1	1237013	1237014	-1.634
chr1	1237014	1237015	-0.47
chr1	1237015	1237016	-1.305
chr1	1237016	1237017	-4.941
chr1	1237017	1237018	-2.77
chr1	1237018	1237019	-1.949
chr1	1237019	1237020	-1.223
chr1	1237020	1237021	-2.254
chr1	1237021	1237022	-2.022
chr1	1237022	1237023	-4.266
chr1	1237023	1237024	-0.94
chr1	1237024	1237025	-4.296
chr1	1237025	1237026	-0.814
chr1	1237026	1237027	-0.962
chr1	1237027	1237028	-1.937
chr1	1237028	1237029	0.077
chr1	1237029	1237030	0.377
chr1	1237030	1237031	0.009
chr1	1237031	1237032	-1.366
chr1	1237032	1237033	-1.527
chr1	1237033	1237034	-3.563
chr1	1237034	1237035	0.09
chr1	1237035	1237036	-0.751
chr1	1237036	1237037	-0.429
chr1	1237037	1237038	-2.371
chr1	1237038	1237039	-1.451
chr1	1237039	1237040	-0.124
chr1	1237040	1237041	-1.098
chr1	1237041	1237042	0.415
chr1	1237042	1237043	-2.31
chr1	1237043	1237044	-0.802
chr1	1237044	1237045	-1.649
chr1	1237045	1237046	-0.247
chr1	1237046	1237047	-0.279
chr1	1237047	1237048	0.017
chr1	1237048	1237049	0.404
chr1	1237049	1237050	-0.277
chr1	1237050	1237051	-0.247
chr1	1237051	1237052	-2.903
chr1	1237052	1237053	-0.504
chr1	1237053	1237054	0.133
chr1	1237054	1237055	0.521
chr1	1237055	1237056	-1.816
chr1	1237056	1237057	-1.942
chr1	1237057	1237058	-0.419
chr1	1237058	1237059	-2.686
chr1	1237059	1237060	-0.053
chr1	1237060	1237061	0.729
chr1	1237061	1237062	-0.191
chr1	1237062	1237063	0.174
chr1	1237063	1237064	-0.809
chr1	1237064	1237065	-0.298
chr1	1237065	1237066	-0.324
chr1	1237066	1237067	-1.447
chr1	1237067	1237068	-0.392
chr1	1237068	1237069	0.198
chr1	1237069	1237070	-0.561
chr1	1237070	1237071	-0.088
chr1	1237071	1237072	-0.405
chr1	1237072	1237073	-0.219
chr1	1237073	1237074	-0.683
chr1	1237074	1237075	-0.715
chr1	1237075	1237076	0.427
chr1	1237076	1237077	-0.664
chr1	1237077	1237078	-0.297
chr1	1237078	1237079	-0.544
chr1	1237079	1237080	-0.511
chr1	1237080	1237081	-0.144
chr1	1237081	1237082	-0.518
chr1	1237082	1237083	-0.462
chr1	1237083	1237084	-0.294
chr1	1237084	1237085	-2.835
chr1	1237085	1237086	-0.776
chr1	1237086	1237087	-0.792
chr1	1237087	1237088	-1.121
chr1	1237088	1237089	0.067
chr1	1237089	1237090	0.295
chr1	1237090	1237091	-0.053
chr1	1237091	1237092	0.004
chr1	1237092	1237093	-0.347
chr1	1237093	1237094	-0.849
chr1	1237094	1237095	-1.846
chr1	1237095	1237096	1.855
chr1	1237096	1237097	-0.137
chr1	1237097	1237098	-0.163
chr1	1237098	1237099	-2.877
chr1	1237099	1237100	0.177
chr1	1237100	1237101	-0.561
chr1	1237101	1237102	-0.781
chr1	1237102	1237103	-0.877
chr1	1237103	1237104	-2.195
chr1	1237104	1237105	-0.705
chr1	1237105	1237106	-1.226
chr1	1237106	1237107	-2.451
chr1	1237107	1237108	-1.562
chr1	1237108	1237109	-5.363
chr1	1237109	1237110	0.525
chr1	1237110	1237111	-0.88
chr1	1237111	1237112	-3.251
chr1	1237112	1237113	-3.312
chr1	1237113	1237114	-0.372
chr1	1237114	1237115	-0.342
chr1	1237115	1237116	1.038
chr1	1237116	1237117	-0.584
chr1	1237117	1237118	-0.365
chr1	1237118	1237119	-0.126
chr1	1237119	1237120	-0.934
chr1	1237120	1237121	-0.035
chr1	1237121	1237122	-0.186
chr1	1237122	1237123	-2.092
chr1	1237123	1237124	-2.265
chr1	1237124	1237125	0.194
chr1	1237125	1237126	-0.88
chr1	1237126	1237127	-2.907
chr1	1237127	1237128	-0.288
chr1	1237128	1237129	-1.386
chr1	1237129	1237130	-0.859
chr1	1237130	1237131	-0.345
chr1	1237131	1237132	0.129
chr1	1237132	1237133	0.09
chr1	1237133	1237134	0.291
chr1	1237134	1237135	-0.791
chr1	1237135	1237136	-1.659
chr1	1237136	1237137	-3.832
chr1	1237137	1237138	-0.473
chr1	1237138	1237139	-0.973
chr1	1237139	1237140	-0.817
chr1	1237140	1237141	-0.439
chr1	1237141	1237142	-0.108
chr1	1237142	1237143	-1.205
chr1	1237143	1237144	-2.179
chr1	1237144	1237145	-2.04
chr1	1237145	1237146	-0.777
chr1	1237146	1237147	-0.309
chr1	1237147	1237148	-0.982
chr1	1237148	1237149	-1.406
chr1	1237149	1237150	0.885
chr1	1237150	1237151	0.681
chr1	1237151	1237152	-0.924
chr1	1237152	1237153	-0.577
chr1	1237153	1237154	-1.763
chr1	1237154	1237155	0.099
chr1	1237155	1237156	-1.616
chr1	1237156	1237157	-2.577
chr1	1237157	1237158	-3.245
chr1	1237158	1237159	-1.806
chr1	1237159	1237160	-0.372
chr1	1237160	1237161	1.41
chr1	1237161	1237162	-0.129
chr1	1237162	1237163	-0.392
chr1	1237163	1237164	0.139
chr1	1237164	1237165	-1.577
chr1	1237165	1237166	-1.542
chr1	1237166	1237167	-2.049
chr1	1237167	1237168	-0.574
chr1	1237168	1237169	-1.624
chr1	1237169	1237170	-1.841
chr1	1237170	1237171	-0.3
chr1	1237171	1237172	-1.013
chr1	1237172	1237173	-0.121
chr1	1237173	1237174	-1.016
chr1	1237174	1237175	-1.397
chr1	1237175	1237176	-1.721
chr1	1237176	1237177	-0.409
chr1	1237177	1237178	-2.137
chr1	1237178	1237179	0.223
chr1	1237179	1237180	0.013
chr1	1237180	1237181	-0.691
chr1	1237181	1237182	-0.056
chr1	1237182	1237183	-0.255
chr1	1237183	1237184	-0.037
chr1	1237184	1237185	-0.642
chr1	1237185	1237186	0.007
chr1	1237186	1237187	-0.687
chr1	1237187	1237188	-1.242
chr1	1237188	1237189	0.94
chr1	1237189	1237190	0.384
chr1	1237190	1237191	-1.258
chr1	1237191	1237192	-0.648
chr1	1237192	1237193	-1.471
chr1	1237193	1237194	-0.221
chr1	1237194	1237195	0.175
chr1	1237195	1237196	-0.15
chr1	1237196	1237197	-0.114
chr1	1237197	1237198	-0.203
chr1	1237198	1237199	0.037
chr1	1237199	1237200	2.546
chr1	1237200	1237201	-1.728
chr1	1237201	1237202	-0.649
chr1	1237202	1237203	-2.505
chr1	1237203	1237204	-1.194
chr1	1237204	1237205	-3.222
chr1	1237205	1237206	-0.881
chr1	1237206	1237207	-0.788
chr1	1237207	1237208	0.373
chr1	1237208	1237209	1.004
chr1	1237209	1237210	-0.803
chr1	1237210	1237211	-0.327
chr1	1237211	1237212	-0.17
chr1	1237212	1237213	-0.045
chr1	1237213	1237214	0.404
chr1	1237214	1237215	-2.645
chr1	1237215	1237216	0.449
chr1	1237216	1237217	0.085
chr1	1237217	1237218	-0.666
chr1	1237218	1237219	0.328
chr1	1237219	1237220	-1.21
chr1	1237220	1237221	1.377
chr1	1237221	1237222	0.102
chr1	1237222	1237223	-2.46
chr1	1237223	1237224	-2.284
chr1	1237224	1237225	-0.294
chr1	1237225	1237226	-3.579
chr1	1237226	1237227	-0.451
chr1	1237227	1237228	-0.419
chr1	1237228	1237229	-0.995
chr1	1237229	1237230	-0.782
chr1	1237230	1237231	-0.802
chr1	1237231	1237232	-0.074
chr1	1237232	1237233	0.11
chr1	1237233	1237234	-0.39
chr1	1237234	1237235	-0.374
chr1	1237235	1237236	-2.892
chr1	1237236	1237237	0.776
chr1	1237237	1237238	-1.6
chr1	1237238	1237239	-0.542
chr1	1237239	1237240	-1.354
chr1	1237240	1237241	-2.725
chr1	1237241	1237242	-3.437
chr1	1237242	1237243	-1.674
chr1	1237243	1237244	-0.945
chr1	1237244	1237245	-1.508
chr1	1237245	1237246	-0.034
chr1	1237246	1237247	-0.266
chr1	1237247	1237248	-1.808
chr1	1237248	1237249	-1.756
chr1	1237249	1237250	-0.025
chr1	1237250	1237251	-1.574
chr1	1237251	1237252	-0.279
chr1	1237252	1237253	-0.191
chr1	1237253	1237254	-1.736
chr1	1237254	1237255	-0.411
chr1	1237255	1237256	-0.466
chr1	1237256	1237257	-0.708
chr1	1237257	1237258	-0.411
chr1	1237258	1237259	0.007
chr1	1237259	1237260	-1.29
chr1	1237260	1237261	-0.271
chr1	1237261	1237262	0.055
chr1	1237262	1237263	-0.298
chr1	1237263	1237264	-0.918
chr1	1237264	1237265	-0.513
chr1	1237265	1237266	0.647
chr1	1237266	1237267	0.814
chr1	1237267	1237268	-0.042
chr1	1237268	1237269	-0.05
chr1	1237269	1237270	-0.786
chr1	1237270	1237271	-3.01
chr1	1237271	1237272	-0.675
chr1	1237272	1237273	-0.572
chr1	1237273	1237274	-0.368
chr1	1237274	1237275	-0.245
chr1	1237275	1237276	-0.014
chr1	1237276	1237277	-2.206
chr1	1237277	1237278	-0.677
chr1	1237278	1237279	0.166
chr1	1237279	1237280	-1.403
chr1	1237280	1237281	0.157
chr1	1237281	1237282	-0.869
chr1	1237282	1237283	0.2
chr1	1237283	1237284	-0.202
chr1	1237284	1237285	-1.472
chr1	1237285	1237286	-0.259
chr1	1237286	1237287	0.081
chr1	1237287	1237288	-0.071
chr1	1237288	1237289	-1.411
chr1	1237289	1237290	-0.796
chr1	1237290	1237291	0.474
chr1	1237291	1237292	-2.074
chr1	1237292	1237293	-1.726
chr1	1237293	1237294	-0.832
chr1	1237294	1237295	0.276
chr1	1237295	1237296	-0.342
chr1	1237296	1237297	0.016
chr1	1237297	1237298	-1.513
chr1	1237298	1237299	-0.086
chr1	1237299	1237300	-0.013
chr1	1237300	1237301	-0.438
chr1	1237301	1237302	-0.827
chr1	1237302	1237303	0.105
chr1	1237303	1237304	-0.39
chr1	1237304	1237305	-1.351
chr1	1237305	1237306	-0.498
chr1	1237306	1237307	-0.921
chr1	1237307	1237308	1.295
chr1	1237308	1237309	-0.83
chr1	1237309	1237310	-0.114
chr1	1237310	1237311	-0.523
chr1	1237311	1237312	-0.103
chr1	1237312	1237313	0.474
chr1	1237313	1237314	0.08
chr1	1237314	1237315	-4.854
chr1	1237315	1237316	-1.639
chr1	1237316	1237317	0.025
chr1	1237317	1237318	-2.451
chr1	1237318	1237319	-0.762
chr1	1237319	1237320	-1.011
chr1	1237320	1237321	-0.94
chr1	1237321	1237322	1.457
chr1	1237322	1237323	-0.255
chr1	1237323	1237324	-0.006
chr1	1237324	1237325	0.43
chr1	1237325	1237326	-0.473
chr1	1237326	1237327	-3.482
chr1	1237327	1237328	-0.328
chr1	1237328	1237329	-0.153
chr1	1237329	1237330	0.565
chr1	1237330	1237331	0.016
chr1	1237331	1237332	-0.005
chr1	1237332	1237333	-0.197
chr1	1237333	1237334	0.258
chr1	1237334	1237335	-0.022
chr1	1237335	1237336	-0.674
chr1	1237336	1237337	-1.827
chr1	1237337	1237338	-1.246
chr1	1237338	1237339	0.796
chr1	1237339	1237340	-0.742
chr1	1237340	1237341	0.482
chr1	1237341	1237342	-0.837
chr1	1237342	1237343	0.083
chr1	1237343	1237344	-0.978
chr1	1237344	1237345	0.98
chr1	1237345	1237346	0.465
chr1	1237346	1237347	-2.675
chr1	1237347	1237348	-0.707
chr1	1237348	1237349	-0.072
chr1	1237349	1237350	4.013
chr1	1237350	1237351	0.12
chr1	1237351	1237352	1.063
chr1	1237352	1237353	0.07
chr1	1237353	1237354	-0.172
chr1	1237354	1237355	0.34
chr1	1237355	1237356	0.127
chr1	1237356	1237357	0.509
chr1	1237357	1237358	-2.007
chr1	1237358	1237359	0.741
chr1	1237359	1237360	-3.227
chr1	1237360	1237361	1.039
chr1	1237361	1237362	6.586
chr1	1237362	1237363	6.982
chr1	1237363	1237364	5.462
chr1	1237364	1237365	0.988
chr1	1237365	1237366	8.351
chr1	1237366	1237367	6.982
