chr1	1072490	1072491	2.574
chr1	1072491	1072492	0.632
chr1	1072492	1072493	1.701
chr1	1072493	1072494	0.075
chr1	1072494	1072495	-0.272
chr1	1072495	1072496	0.484
chr1	1072496	1072497	-1.137
chr1	1072497	1072498	-0.289
chr1	1072498	1072499	-0.822
chr1	1072499	1072500	1.667
chr1	1072500	1072501	0.543
chr1	1072501	1072502	0.532
chr1	1072502	1072503	0.894
chr1	1072503	1072504	0.314
chr1	1072504	1072505	1.528
chr1	1072505	1072506	0.683
chr1	1072506	1072507	0.324
chr1	1072507	1072508	0.005
chr1	1072508	1072509	1.559
chr1	1072509	1072510	1.246
chr1	1072510	1072511	-0.466
chr1	1072511	1072512	-0.935
chr1	1072512	1072513	1.012
chr1	1072513	1072514	0.247
chr1	1072514	1072515	-0.091
chr1	1072515	1072516	-0.814
chr1	1072516	1072517	-0.104
chr1	1072517	1072518	-4.119
chr1	1072518	1072519	3.573
chr1	1072519	1072520	1.96
chr1	1072520	1072521	-0.245
chr1	1072521	1072522	1.512
chr1	1072522	1072523	-4.65
chr1	1072523	1072524	0.473
chr1	1072524	1072525	1.06
chr1	1072525	1072526	-2.133
chr1	1072526	1072527	-0.031
chr1	1072527	1072528	1.492
chr1	1072528	1072529	0.776
chr1	1072529	1072530	0.585
chr1	1072530	1072531	-0.315
chr1	1072531	1072532	0.496
chr1	1072532	1072533	0.331
chr1	1072533	1072534	1.585
chr1	1072534	1072535	-0.928
chr1	1072535	1072536	-0.74
chr1	1072536	1072537	-1.044
chr1	1072537	1072538	0.172
chr1	1072538	1072539	-0.51
chr1	1072539	1072540	-0.353
chr1	1072540	1072541	-1.234
chr1	1072541	1072542	0.739
chr1	1072542	1072543	-1.99
chr1	1072543	1072544	-0.183
chr1	1072544	1072545	2.739
chr1	1072545	1072546	-0.804
chr1	1072546	1072547	-0.662
chr1	1072547	1072548	-0.374
chr1	1072548	1072549	-0.36
chr1	1072549	1072550	-0.189
chr1	1072550	1072551	-0.888
chr1	1072551	1072552	-0.494
chr1	1072552	1072553	0.031
chr1	1072553	1072554	1.127
chr1	1072554	1072555	0.511
chr1	1072555	1072556	-0.079
chr1	1072556	1072557	0.609
chr1	1072557	1072558	0.712
chr1	1072558	1072559	-2.783
chr1	1072559	1072560	-1.061
chr1	1072560	1072561	0.41
chr1	1072561	1072562	1.15
chr1	1072562	1072563	1.315
chr1	1072563	1072564	-2.388
chr1	1072564	1072565	-0.142
chr1	1072565	1072566	0.268
chr1	1072566	1072567	-0.273
chr1	1072567	1072568	-0.205
chr1	1072568	1072569	1.39
chr1	1072569	1072570	-0.48
chr1	1072570	1072571	-4.695
chr1	1072571	1072572	-0.127
chr1	1072572	1072573	-0.696
chr1	1072573	1072574	-0.093
chr1	1072574	1072575	-0.251
chr1	1072575	1072576	0.129
chr1	1072576	1072577	0.261
chr1	1072577	1072578	-0.318
chr1	1072578	1072579	0.595
chr1	1072579	1072580	-1.308
chr1	1072580	1072581	1.299
chr1	1072581	1072582	-4.97
chr1	1072582	1072583	-0.213
chr1	1072583	1072584	0.039
chr1	1072584	1072585	-3.577
chr1	1072585	1072586	-0.593
chr1	1072586	1072587	-3.067
chr1	1072587	1072588	-3.373
chr1	1072588	1072589	-0.517
chr1	1072589	1072590	0.039
chr1	1072590	1072591	-0.158
chr1	1072591	1072592	0.716
chr1	1072592	1072593	0.452
chr1	1072593	1072594	-0.671
chr1	1072594	1072595	-2.481
chr1	1072595	1072596	3.005
chr1	1072596	1072597	-1.168
chr1	1072597	1072598	0.261
chr1	1072598	1072599	-0.888
chr1	1072599	1072600	-1.315
chr1	1072600	1072601	-0.332
chr1	1072601	1072602	-1.952
chr1	1072602	1072604	0.795
chr1	1072604	1072605	-2.664
chr1	1072605	1072606	-0.746
chr1	1072606	1072607	-0.466
chr1	1072607	1072608	-1.255
chr1	1072608	1072609	-2.095
chr1	1072609	1072610	-1.881
chr1	1072610	1072611	0.122
chr1	1072611	1072612	0.013
chr1	1072612	1072613	0.905
chr1	1072613	1072614	0.136
chr1	1072614	1072615	1.429
chr1	1072615	1072616	-0.075
chr1	1072616	1072617	-0.356
chr1	1072617	1072618	-2.724
chr1	1072618	1072619	-0.561
chr1	1072619	1072620	0.059
chr1	1072620	1072621	-1.075
chr1	1072621	1072622	-0.966
chr1	1072622	1072624	1.667
chr1	1072624	1072625	-0.009
chr1	1072625	1072626	-0.597
chr1	1072626	1072627	-2.241
chr1	1072627	1072628	0.756
chr1	1072628	1072629	0.705
chr1	1072629	1072630	-0.522
chr1	1072630	1072631	-0.193
chr1	1072631	1072632	-0.833
chr1	1072632	1072633	-0.1
chr1	1072633	1072634	0.712
chr1	1072634	1072635	0.224
chr1	1072635	1072636	-2.252
chr1	1072636	1072637	0.377
chr1	1072637	1072638	0.322
chr1	1072638	1072639	1.341
chr1	1072639	1072640	0.598
chr1	1072640	1072641	-0.083
chr1	1072641	1072642	-1.466
chr1	1072642	1072643	-4.162
chr1	1072643	1072644	-1.644
chr1	1072644	1072645	-1.238
chr1	1072645	1072646	0.556
chr1	1072646	1072647	0.463
chr1	1072647	1072648	-1.769
chr1	1072648	1072649	0.463
chr1	1072649	1072650	0.915
chr1	1072650	1072651	-0.099
chr1	1072651	1072652	0.915
chr1	1072652	1072653	-0.35
chr1	1072653	1072654	0.28
chr1	1072654	1072655	-0.915
chr1	1072655	1072656	-1.538
chr1	1072656	1072657	-0.16
chr1	1072657	1072658	-0.423
chr1	1072658	1072659	1.136
chr1	1072659	1072660	0.54
chr1	1072660	1072661	0.054
chr1	1072661	1072662	0.256
chr1	1072662	1072663	-1.297
chr1	1072663	1072664	1.125
chr1	1072664	1072665	-0.232
chr1	1072665	1072666	1.25
chr1	1072666	1072667	1.139
chr1	1072667	1072668	-0.655
chr1	1072668	1072669	-0.926
chr1	1072669	1072670	0.676
chr1	1072670	1072671	-0.187
chr1	1072671	1072672	-1.192
chr1	1072672	1072673	-0.573
chr1	1072673	1072674	0.318
chr1	1072674	1072675	-1.838
chr1	1072675	1072676	-0.508
chr1	1072676	1072677	-1.193
chr1	1072677	1072678	-1.846
chr1	1072678	1072679	-0.276
chr1	1072679	1072680	-0.681
chr1	1072680	1072681	-0.413
chr1	1072681	1072682	-1.947
chr1	1072682	1072683	-3.381
chr1	1072683	1072684	0.38
chr1	1072684	1072685	-0.663
chr1	1072685	1072686	-0.413
chr1	1072686	1072687	-0.945
chr1	1072687	1072688	-0.455
chr1	1072688	1072689	-0.143
chr1	1072689	1072690	-0.653
chr1	1072690	1072691	-0.705
chr1	1072691	1072692	0.132
chr1	1072692	1072693	0.18
chr1	1072693	1072694	-1.114
chr1	1072694	1072695	-1.879
chr1	1072695	1072696	-1.874
chr1	1072696	1072697	-0.833
chr1	1072697	1072698	-0.099
chr1	1072698	1072699	-2.408
chr1	1072699	1072700	-1.346
chr1	1072700	1072701	0.396
chr1	1072701	1072702	2.44
chr1	1072702	1072703	-0.277
chr1	1072703	1072704	-1.99
chr1	1072704	1072705	-0.523
chr1	1072705	1072706	-0.543
chr1	1072706	1072707	-0.08
chr1	1072707	1072708	-0.301
chr1	1072708	1072710	-0.516
chr1	1072710	1072711	0.383
chr1	1072711	1072712	-0.894
chr1	1072712	1072713	0.398
chr1	1072713	1072714	-0.879
chr1	1072714	1072715	-0.516
chr1	1072715	1072716	0.398
chr1	1072716	1072717	-1.414
chr1	1072717	1072718	-0.214
chr1	1072718	1072719	0.087
chr1	1072719	1072720	-0.386
chr1	1072720	1072721	0.047
chr1	1072721	1072722	0.951
chr1	1072722	1072723	-0.337
chr1	1072723	1072724	1.137
chr1	1072724	1072725	0.015
chr1	1072725	1072726	0.479
chr1	1072726	1072727	-0.194
chr1	1072727	1072728	-0.162
chr1	1072728	1072729	-0.23
chr1	1072729	1072730	-2.209
chr1	1072730	1072731	-2.539
chr1	1072731	1072732	-0.842
chr1	1072732	1072733	0.082
chr1	1072733	1072734	-0.553
chr1	1072734	1072735	0.141
chr1	1072735	1072736	-0.125
chr1	1072736	1072737	-1.989
chr1	1072737	1072738	-0.091
chr1	1072738	1072739	0.13
chr1	1072739	1072740	0.726
chr1	1072740	1072741	-0.767
chr1	1072741	1072742	-0.783
chr1	1072742	1072743	-0.962
chr1	1072743	1072744	-0.189
chr1	1072744	1072745	1.063
chr1	1072745	1072746	0.474
chr1	1072746	1072747	-0.977
chr1	1072747	1072748	-0.604
chr1	1072748	1072749	1.079
chr1	1072749	1072750	-1.92
chr1	1072750	1072751	-2.443
chr1	1072751	1072752	-1.807
chr1	1072752	1072753	-1.224
chr1	1072753	1072755	0.637
chr1	1072755	1072756	0.609
chr1	1072756	1072757	-0.327
chr1	1072757	1072758	-1.673
chr1	1072758	1072759	0.529
chr1	1072759	1072760	0.015
chr1	1072760	1072761	-0.874
chr1	1072761	1072762	-0.54
chr1	1072762	1072763	-0.442
chr1	1072763	1072764	0.824
chr1	1072764	1072765	-0.02
chr1	1072765	1072766	0.923
chr1	1072766	1072767	-0.937
chr1	1072767	1072768	0.515
chr1	1072768	1072769	0.796
chr1	1072769	1072770	0.155
chr1	1072770	1072771	0.156
chr1	1072771	1072772	-0.172
chr1	1072772	1072773	0.001
chr1	1072773	1072774	-0.997
chr1	1072774	1072775	0.342
chr1	1072775	1072776	-0.287
chr1	1072776	1072777	0.013
chr1	1072777	1072779	0.989
chr1	1072779	1072780	0.825
chr1	1072780	1072781	1.42
chr1	1072781	1072782	0.369
chr1	1072782	1072783	-0.012
chr1	1072783	1072784	1.699
chr1	1072784	1072785	-0.185
chr1	1072785	1072786	-0.105
chr1	1072786	1072787	-1.306
chr1	1072787	1072788	-2.439
chr1	1072788	1072789	-1.621
chr1	1072789	1072790	0.091
chr1	1072790	1072791	0.422
chr1	1072791	1072792	-1.466
chr1	1072792	1072793	-0.786
chr1	1072793	1072794	-2.169
chr1	1072794	1072795	0.089
chr1	1072795	1072796	-0.168
chr1	1072796	1072797	0.241
chr1	1072797	1072798	-1.755
chr1	1072798	1072799	-0.54
chr1	1072799	1072800	0.059
chr1	1072800	1072801	0.5
chr1	1072801	1072802	-0.424
chr1	1072802	1072803	1.158
chr1	1072803	1072804	1.248
chr1	1072804	1072805	0.097
chr1	1072805	1072806	0.83
chr1	1072806	1072807	-0.793
chr1	1072807	1072808	0.194
chr1	1072808	1072809	-0.308
chr1	1072809	1072810	-0.039
chr1	1072810	1072811	0.671
chr1	1072811	1072812	-0.897
chr1	1072812	1072813	-0.835
chr1	1072813	1072814	0.426
chr1	1072814	1072815	0.383
chr1	1072815	1072816	0.892
chr1	1072816	1072817	-0.908
chr1	1072817	1072818	0.108
chr1	1072818	1072819	1.855
chr1	1072819	1072820	-0.098
chr1	1072820	1072821	0.051
chr1	1072821	1072822	1.855
chr1	1072822	1072823	-0.582
chr1	1072823	1072824	-0.69
chr1	1072824	1072825	-0.682
chr1	1072825	1072826	-2.238
chr1	1072826	1072827	-1.266
chr1	1072827	1072828	-2.804
chr1	1072828	1072829	2.797
chr1	1072829	1072830	-1.212
chr1	1072830	1072831	-0.259
chr1	1072831	1072832	0.06
chr1	1072832	1072833	-0.077
chr1	1072833	1072834	-1.422
chr1	1072834	1072835	-0.482
chr1	1072835	1072836	-0.088
chr1	1072836	1072837	0.108
chr1	1072837	1072838	-0.357
chr1	1072838	1072839	-0.437
chr1	1072839	1072840	-0.776
chr1	1072840	1072841	1.513
chr1	1072841	1072842	0.93
chr1	1072842	1072843	0.571
chr1	1072843	1072844	-0.241
chr1	1072844	1072845	0.945
chr1	1072845	1072846	0.329
chr1	1072846	1072847	-1.673
chr1	1072847	1072848	-0.094
chr1	1072848	1072849	0.599
chr1	1072849	1072850	0.307
chr1	1072850	1072851	0.509
chr1	1072851	1072852	-0.215
chr1	1072852	1072853	-1.26
chr1	1072853	1072854	0.201
chr1	1072854	1072855	-1.23
chr1	1072855	1072856	-0.488
chr1	1072856	1072857	-0.807
chr1	1072857	1072858	-1.353
chr1	1072858	1072859	0.464
chr1	1072859	1072860	-1.699
chr1	1072860	1072861	-0.84
chr1	1072861	1072862	-0.377
chr1	1072862	1072863	0.183
chr1	1072863	1072864	-1.345
chr1	1072864	1072865	-0.234
chr1	1072865	1072866	2.308
chr1	1072866	1072867	-0.209
chr1	1072867	1072868	0.05
chr1	1072868	1072869	-0.699
chr1	1072869	1072870	0.928
chr1	1072870	1072871	-0.057
chr1	1072871	1072872	-0.649
chr1	1072872	1072873	-0.661
chr1	1072873	1072874	-0.1
chr1	1072874	1072875	-0.327
chr1	1072875	1072876	0.348
chr1	1072876	1072877	-0.863
chr1	1072877	1072878	-0.629
chr1	1072878	1072879	-2.175
chr1	1072879	1072880	-0.876
chr1	1072880	1072881	-0.245
chr1	1072881	1072882	0.804
chr1	1072882	1072883	-0.666
chr1	1072883	1072884	0.022
chr1	1072884	1072885	0.718
chr1	1072885	1072886	0.022
chr1	1072886	1072887	1.903
chr1	1072887	1072888	-1.046
chr1	1072888	1072889	0.746
chr1	1072889	1072890	-0.024
chr1	1072890	1072891	-0.998
chr1	1072891	1072892	-0.414
chr1	1072892	1072893	0.053
chr1	1072893	1072894	-0.269
chr1	1072894	1072895	0.394
chr1	1072895	1072896	-1.239
chr1	1072896	1072897	-0.346
chr1	1072897	1072898	-1.026
chr1	1072898	1072899	-0.02
chr1	1072899	1072900	0.164
chr1	1072900	1072901	2.096
chr1	1072901	1072902	-0.301
chr1	1072902	1072903	-0.927
chr1	1072903	1072904	-1.209
chr1	1072904	1072905	1.282
chr1	1072905	1072906	0.326
chr1	1072906	1072907	-0.94
chr1	1072907	1072908	-0.402
chr1	1072908	1072909	-0.267
chr1	1072909	1072910	-0.194
chr1	1072910	1072911	0.268
chr1	1072911	1072912	-0.58
chr1	1072912	1072913	-0.39
chr1	1072913	1072914	-0.195
chr1	1072914	1072915	-0.451
chr1	1072915	1072916	-0.39
chr1	1072916	1072917	-0.88
chr1	1072917	1072918	-0.071
chr1	1072918	1072919	0.212
chr1	1072919	1072920	-1.377
chr1	1072920	1072921	-0.51
chr1	1072921	1072922	0.192
chr1	1072922	1072923	-0.176
chr1	1072923	1072924	-0.172
chr1	1072924	1072925	0.206
chr1	1072925	1072926	0.275
chr1	1072926	1072927	-0.104
chr1	1072927	1072928	0.286
chr1	1072928	1072929	0.215
chr1	1072929	1072930	0.652
chr1	1072930	1072931	1.769
chr1	1072931	1072932	-0.205
chr1	1072932	1072933	-0.147
chr1	1072933	1072934	-0.521
chr1	1072934	1072935	0.608
chr1	1072935	1072936	0.354
chr1	1072936	1072937	-0.914
chr1	1072937	1072938	-1.892
chr1	1072938	1072939	-1.544
chr1	1072939	1072940	0.342
chr1	1072940	1072941	0.056
chr1	1072941	1072942	-0.971
chr1	1072942	1072943	-1.778
chr1	1072943	1072944	-1.003
chr1	1072944	1072945	-1.249
chr1	1072945	1072946	-0.765
chr1	1072946	1072947	-0.671
chr1	1072947	1072948	1.666
chr1	1072948	1072949	0.261
chr1	1072949	1072950	-0.009
chr1	1072950	1072951	0.008
chr1	1072951	1072952	-1.809
chr1	1072952	1072953	0.003
chr1	1072953	1072954	-0.033
chr1	1072954	1072955	-0.895
chr1	1072955	1072956	-0.135
chr1	1072956	1072957	-0.236
chr1	1072957	1072958	-0.112
chr1	1072958	1072959	0.331
chr1	1072959	1072960	-0.795
chr1	1072960	1072961	0.63
chr1	1072961	1072962	-1.338
chr1	1072962	1072963	-3.656
chr1	1072963	1072964	-0.274
chr1	1072964	1072966	1.395
chr1	1072966	1072967	0.079
chr1	1072967	1072968	0.413
chr1	1072968	1072969	0.067
chr1	1072969	1072970	-0.3
chr1	1072970	1072971	0.117
chr1	1072971	1072972	-0.377
chr1	1072972	1072973	-1.959
chr1	1072973	1072974	-0.01
chr1	1072974	1072975	0.089
chr1	1072975	1072976	0.976
chr1	1072976	1072977	1.02
chr1	1072977	1072978	-0.044
chr1	1072978	1072981	1.074
chr1	1072981	1072982	0.992
chr1	1072982	1072983	-0.61
chr1	1072983	1072984	-0.772
chr1	1072984	1072985	0.992
chr1	1072985	1072986	-0.046
chr1	1072986	1072987	-0.078
chr1	1072987	1072988	-0.052
chr1	1072988	1072989	1.02
chr1	1072989	1072990	-0.544
chr1	1072990	1072991	-0.052
chr1	1072991	1072993	1.063
chr1	1072993	1072994	-0.603
chr1	1072994	1072995	-0.046
chr1	1072995	1072996	-1.752
chr1	1072996	1072997	-0.612
chr1	1072997	1072998	0.288
chr1	1072998	1072999	-0.728
chr1	1072999	1073000	-0.583
chr1	1073000	1073001	0.33
chr1	1073001	1073002	-3.509
chr1	1073002	1073003	0.344
chr1	1073003	1073004	0.33
chr1	1073004	1073005	-0.67
chr1	1073005	1073006	-0.612
chr1	1073006	1073007	0.344
chr1	1073007	1073008	0.288
chr1	1073008	1073009	0.293
chr1	1073009	1073010	0.344
chr1	1073010	1073011	0.33
chr1	1073011	1073012	-0.706
chr1	1073012	1073013	0.344
chr1	1073013	1073014	0.33
chr1	1073014	1073015	-0.554
chr1	1073015	1073016	-0.746
chr1	1073016	1073017	0.344
chr1	1073017	1073018	0.284
chr1	1073018	1073022	0.33
chr1	1073022	1073024	0.301
chr1	1073024	1073025	-2.157
chr1	1073025	1073026	-0.281
chr1	1073026	1073027	-1.022
chr1	1073027	1073028	-0.303
chr1	1073028	1073029	-0.202
chr1	1073029	1073031	0.532
chr1	1073031	1073033	0.614
chr1	1073033	1073034	-0.191
chr1	1073034	1073035	-0.31
chr1	1073035	1073036	-0.33
chr1	1073036	1073037	0.579
chr1	1073037	1073038	-0.302
chr1	1073038	1073039	0.531
chr1	1073039	1073040	0.412
chr1	1073040	1073041	-1.219
chr1	1073041	1073042	0.172
chr1	1073042	1073043	0.195
chr1	1073043	1073045	0.175
chr1	1073045	1073046	0.195
chr1	1073046	1073047	0.175
chr1	1073047	1073048	0.203
chr1	1073048	1073052	0.175
chr1	1073052	1073053	0.195
chr1	1073053	1073054	0.175
chr1	1073054	1073055	-0.393
chr1	1073055	1073056	-0.384
chr1	1073056	1073057	-0.481
chr1	1073057	1073058	0.49
chr1	1073058	1073059	-0.396
chr1	1073059	1073060	-0.278
chr1	1073060	1073061	0.553
chr1	1073061	1073062	0.577
chr1	1073062	1073063	-0.411
chr1	1073063	1073064	-1.13
chr1	1073064	1073065	-0.295
chr1	1073065	1073066	-0.345
chr1	1073066	1073067	-0.481
chr1	1073067	1073069	0.49
chr1	1073069	1073070	-1.621
chr1	1073070	1073071	0.481
chr1	1073071	1073074	0.195
chr1	1073074	1073077	0.175
chr1	1073077	1073078	0.203
chr1	1073078	1073079	0.175
chr1	1073079	1073080	0.203
chr1	1073080	1073081	-0.367
chr1	1073081	1073082	-0.538
chr1	1073082	1073083	0.577
chr1	1073083	1073084	-0.278
chr1	1073084	1073085	0.553
chr1	1073085	1073086	0.096
chr1	1073086	1073087	0.368
chr1	1073087	1073088	-0.552
chr1	1073088	1073089	-0.771
chr1	1073089	1073090	0.419
chr1	1073090	1073091	-0.74
chr1	1073091	1073092	0.375
chr1	1073092	1073093	-0.552
chr1	1073093	1073094	-0.211
chr1	1073094	1073095	-0.273
chr1	1073095	1073096	-0.211
chr1	1073096	1073097	-0.16
chr1	1073097	1073098	-0.912
chr1	1073098	1073099	-1.404
chr1	1073099	1073100	-0.16
chr1	1073100	1073101	0.563
chr1	1073101	1073102	-0.249
chr1	1073102	1073103	-0.221
chr1	1073103	1073104	-1.398
chr1	1073104	1073105	-0.252
chr1	1073105	1073106	-0.23
chr1	1073106	1073107	0.68
chr1	1073107	1073108	-0.484
chr1	1073108	1073109	-2.803
chr1	1073109	1073110	-2.915
chr1	1073110	1073111	-2.526
chr1	1073111	1073112	-1.374
chr1	1073112	1073113	0.061
chr1	1073113	1073114	-0.525
chr1	1073114	1073115	0.039
chr1	1073115	1073116	0
chr1	1073116	1073117	-0.981
chr1	1073117	1073118	0.093
chr1	1073118	1073119	-1.511
chr1	1073119	1073120	-1.529
chr1	1073120	1073122	1.002
chr1	1073122	1073123	-0.909
chr1	1073123	1073124	-0.17
chr1	1073124	1073125	-0.32
chr1	1073125	1073126	0.238
chr1	1073126	1073127	-0.749
chr1	1073127	1073128	-0.369
chr1	1073128	1073129	-1.059
chr1	1073129	1073130	-0.014
chr1	1073130	1073131	-0.399
chr1	1073131	1073132	-0.44
chr1	1073132	1073133	-0.104
chr1	1073133	1073134	0.386
chr1	1073134	1073135	1.809
chr1	1073135	1073136	-1.128
chr1	1073136	1073137	-0.344
chr1	1073137	1073138	-0.405
chr1	1073138	1073139	0.39
chr1	1073139	1073140	-0.353
chr1	1073140	1073141	-2.027
chr1	1073141	1073142	-0.669
chr1	1073142	1073143	-0.671
chr1	1073143	1073144	1.597
chr1	1073144	1073145	-0.837
chr1	1073145	1073146	0.207
chr1	1073146	1073147	0.324
chr1	1073147	1073148	-1.609
chr1	1073148	1073149	0.101
chr1	1073149	1073150	-0.015
chr1	1073150	1073151	-0.33
chr1	1073151	1073152	-0.559
chr1	1073152	1073153	-2.178
chr1	1073153	1073154	0.727
chr1	1073154	1073155	0.979
chr1	1073155	1073156	0.871
chr1	1073156	1073157	-0.229
chr1	1073157	1073158	0.402
chr1	1073158	1073159	-0.248
chr1	1073159	1073160	0.472
chr1	1073160	1073161	-0.064
chr1	1073161	1073162	-2.209
chr1	1073162	1073163	0.025
chr1	1073163	1073164	0.015
chr1	1073164	1073165	-0.312
chr1	1073165	1073166	0.562
chr1	1073166	1073167	-1.735
chr1	1073167	1073168	-0.017
chr1	1073168	1073169	-0.597
chr1	1073169	1073170	0.004
chr1	1073170	1073171	-0.006
chr1	1073171	1073172	-0.083
chr1	1073172	1073173	-1.402
chr1	1073173	1073174	-0.499
chr1	1073174	1073175	-1.183
chr1	1073175	1073176	-0.587
chr1	1073176	1073177	0.356
chr1	1073177	1073178	-0.169
chr1	1073178	1073179	0.775
chr1	1073179	1073180	0.139
chr1	1073180	1073181	0.22
chr1	1073181	1073182	-1.823
chr1	1073182	1073183	-0.236
chr1	1073183	1073184	-0.426
chr1	1073184	1073185	-1.187
chr1	1073185	1073186	-0.612
chr1	1073186	1073187	-0.089
chr1	1073187	1073188	-1.476
chr1	1073188	1073189	0.634
chr1	1073189	1073190	-0.013
chr1	1073190	1073191	0.995
chr1	1073191	1073192	0.539
chr1	1073192	1073193	0.318
chr1	1073193	1073194	-0.255
chr1	1073194	1073195	-0.157
chr1	1073195	1073196	-3.037
chr1	1073196	1073197	-0.749
chr1	1073197	1073198	1.002
chr1	1073198	1073199	-1.39
chr1	1073199	1073200	-0.262
chr1	1073200	1073201	2.294
chr1	1073201	1073202	0.95
chr1	1073202	1073203	0.523
chr1	1073203	1073204	-0.409
chr1	1073204	1073205	0.092
chr1	1073205	1073206	-0.767
chr1	1073206	1073207	-1.559
chr1	1073207	1073208	-2.335
chr1	1073208	1073209	0.965
chr1	1073209	1073210	0.897
chr1	1073210	1073211	0.127
chr1	1073211	1073212	0.495
chr1	1073212	1073213	-0.231
chr1	1073213	1073214	0.838
chr1	1073214	1073215	-0.286
chr1	1073215	1073216	-0.516
chr1	1073216	1073217	0.315
chr1	1073217	1073218	-0.016
chr1	1073218	1073219	-1.944
chr1	1073219	1073220	-0.792
chr1	1073220	1073221	-0.862
chr1	1073221	1073222	-1.384
chr1	1073222	1073223	1.142
chr1	1073223	1073224	-1.177
chr1	1073224	1073225	-0.347
chr1	1073225	1073226	2.085
chr1	1073226	1073227	-0.454
chr1	1073227	1073228	-0.09
chr1	1073228	1073229	-2.067
chr1	1073229	1073230	-0.475
chr1	1073230	1073231	-0.962
chr1	1073231	1073232	-0.249
chr1	1073232	1073233	0.841
chr1	1073233	1073234	-3.037
chr1	1073234	1073235	-1.125
chr1	1073235	1073236	-1.007
chr1	1073236	1073237	-0.792
chr1	1073237	1073238	0.377
chr1	1073238	1073239	0.565
chr1	1073239	1073240	-0.047
chr1	1073240	1073241	1.295
chr1	1073241	1073242	1.55
chr1	1073242	1073243	-1.295
chr1	1073243	1073244	-1.829
chr1	1073244	1073245	0.137
chr1	1073245	1073246	-0.982
chr1	1073246	1073247	-0.375
chr1	1073247	1073248	0.224
chr1	1073248	1073249	0.527
chr1	1073249	1073250	-1.625
chr1	1073250	1073251	0.248
chr1	1073251	1073252	-0.861
chr1	1073252	1073253	-0.39
chr1	1073253	1073254	0.557
chr1	1073254	1073255	-0.949
chr1	1073255	1073256	-0.189
chr1	1073256	1073257	-2.514
chr1	1073257	1073258	2.194
chr1	1073258	1073259	0.042
chr1	1073259	1073260	0.034
chr1	1073260	1073261	-0.882
chr1	1073261	1073262	0.277
chr1	1073262	1073263	-1.585
chr1	1073263	1073264	-1.227
chr1	1073264	1073265	0.035
chr1	1073265	1073266	0.088
chr1	1073266	1073267	0.107
chr1	1073267	1073268	0.777
chr1	1073268	1073269	0.389
chr1	1073269	1073270	0.1
chr1	1073270	1073271	-0.395
chr1	1073271	1073272	1.913
chr1	1073272	1073273	-0.457
chr1	1073273	1073274	-0.631
chr1	1073274	1073275	0.259
chr1	1073275	1073276	-1.058
chr1	1073276	1073277	0.837
chr1	1073277	1073278	-0.179
chr1	1073278	1073279	0.986
chr1	1073279	1073280	-1.474
chr1	1073280	1073281	0.263
chr1	1073281	1073282	-0.28
chr1	1073282	1073283	0.697
chr1	1073283	1073284	-0.127
chr1	1073284	1073285	-1.449
chr1	1073285	1073286	-2.731
chr1	1073286	1073287	0.379
chr1	1073287	1073288	-0.092
chr1	1073288	1073289	0.28
chr1	1073289	1073290	-0.437
chr1	1073290	1073291	-1.881
chr1	1073291	1073292	-1.025
chr1	1073292	1073293	0.466
chr1	1073293	1073294	-0.354
chr1	1073294	1073295	-0.351
chr1	1073295	1073296	0.845
chr1	1073296	1073297	-0.859
chr1	1073297	1073298	0.837
chr1	1073298	1073299	-0.003
chr1	1073299	1073300	0.287
chr1	1073300	1073301	0.023
chr1	1073301	1073302	0.158
chr1	1073302	1073303	-0.347
chr1	1073303	1073304	0.085
chr1	1073304	1073305	0.415
chr1	1073305	1073306	-0.579
chr1	1073306	1073307	-0.612
chr1	1073307	1073308	0.208
chr1	1073308	1073309	0.622
chr1	1073309	1073310	0.842
chr1	1073310	1073311	0.292
chr1	1073311	1073312	1.714
chr1	1073312	1073313	0.596
chr1	1073313	1073314	-0.49
chr1	1073314	1073315	-0.83
chr1	1073315	1073316	-1.332
chr1	1073316	1073317	-0.419
chr1	1073317	1073318	-0.116
chr1	1073318	1073319	0.145
chr1	1073319	1073320	0.107
chr1	1073320	1073321	0.461
chr1	1073321	1073322	-0.076
chr1	1073322	1073323	-0.054
chr1	1073323	1073324	1.7
chr1	1073324	1073325	-0.348
chr1	1073325	1073326	-1.188
chr1	1073326	1073327	-1.621
chr1	1073327	1073328	0.134
chr1	1073328	1073329	-1.595
chr1	1073329	1073330	-0.68
chr1	1073330	1073331	1.092
chr1	1073331	1073332	-0.595
chr1	1073332	1073333	1.159
chr1	1073333	1073334	-0.46
chr1	1073334	1073335	1.625
chr1	1073335	1073336	0.127
chr1	1073336	1073337	0.12
chr1	1073337	1073338	0.103
chr1	1073338	1073339	1.022
chr1	1073339	1073340	0.017
chr1	1073340	1073341	-0.537
chr1	1073341	1073342	-0.023
chr1	1073342	1073343	0.291
chr1	1073343	1073344	0.325
chr1	1073344	1073345	0.284
chr1	1073345	1073346	-0.118
chr1	1073346	1073347	-0.854
chr1	1073347	1073348	0.185
chr1	1073348	1073349	-1.473
chr1	1073349	1073350	0.987
chr1	1073350	1073351	-2.696
chr1	1073351	1073352	0.102
chr1	1073352	1073353	0.008
chr1	1073353	1073354	-0.178
chr1	1073354	1073355	0.56
chr1	1073355	1073356	0.375
chr1	1073356	1073357	-0.523
chr1	1073357	1073358	0.313
chr1	1073358	1073359	-0.105
chr1	1073359	1073360	-0.723
chr1	1073360	1073361	0.102
chr1	1073361	1073362	-0.586
chr1	1073362	1073363	0.044
chr1	1073363	1073364	0.062
chr1	1073364	1073365	0.511
chr1	1073365	1073366	-1.593
chr1	1073366	1073367	0.517
chr1	1073367	1073368	1.66
chr1	1073368	1073369	-0.581
chr1	1073369	1073370	0.04
chr1	1073370	1073371	-0.503
chr1	1073371	1073372	-2.179
chr1	1073372	1073373	0.274
chr1	1073373	1073374	-2.4
chr1	1073374	1073375	-1.356
chr1	1073375	1073376	0.059
chr1	1073376	1073377	-0.499
chr1	1073377	1073378	0.15
chr1	1073378	1073379	-0.543
chr1	1073379	1073380	0.591
chr1	1073380	1073381	-0.003
chr1	1073381	1073382	0.661
chr1	1073382	1073383	0.547
chr1	1073383	1073384	-0.312
chr1	1073384	1073385	-0.785
chr1	1073385	1073386	1.597
chr1	1073386	1073387	-0.189
chr1	1073387	1073388	0.015
chr1	1073388	1073389	-1.816
chr1	1073389	1073390	-0.586
chr1	1073390	1073391	0.019
chr1	1073391	1073392	-0.473
chr1	1073392	1073393	0.006
chr1	1073393	1073394	0.695
chr1	1073394	1073395	-1.011
chr1	1073395	1073396	-0.066
chr1	1073396	1073397	0.396
chr1	1073397	1073398	-0.003
chr1	1073398	1073399	0.686
chr1	1073399	1073400	0.064
chr1	1073400	1073401	0.455
chr1	1073401	1073402	-0.223
chr1	1073402	1073403	1.652
chr1	1073403	1073404	-0.158
chr1	1073404	1073405	-0.077
chr1	1073405	1073406	0.346
chr1	1073406	1073407	-0.209
chr1	1073407	1073408	-0.175
chr1	1073408	1073409	0.299
chr1	1073409	1073410	-0.281
chr1	1073410	1073411	0.686
chr1	1073411	1073412	1.936
chr1	1073412	1073413	0.675
chr1	1073413	1073414	0.051
chr1	1073414	1073415	-0.543
chr1	1073415	1073416	-0.118
chr1	1073416	1073417	-0.911
chr1	1073417	1073418	-0.784
chr1	1073418	1073419	0.155
chr1	1073419	1073420	-0.414
chr1	1073420	1073421	0.333
chr1	1073421	1073422	1.445
chr1	1073422	1073423	-0.138
chr1	1073423	1073424	-0.719
chr1	1073424	1073425	-0.237
chr1	1073425	1073426	-0.218
chr1	1073426	1073427	0.291
chr1	1073427	1073428	-1.801
chr1	1073428	1073429	-0.127
chr1	1073429	1073430	-0.003
chr1	1073430	1073431	-0.525
chr1	1073431	1073432	0.346
chr1	1073432	1073433	1.425
chr1	1073433	1073434	0.636
chr1	1073434	1073435	-0.361
chr1	1073435	1073436	0.456
chr1	1073436	1073437	0.084
chr1	1073437	1073438	-1.043
chr1	1073438	1073439	-0.863
chr1	1073439	1073440	0.573
chr1	1073440	1073441	-0.186
chr1	1073441	1073442	0.656
chr1	1073442	1073443	0.667
chr1	1073443	1073444	-0.028
chr1	1073444	1073445	0.35
chr1	1073445	1073446	1.036
chr1	1073446	1073447	-0.375
chr1	1073447	1073448	0.169
chr1	1073448	1073449	0.001
chr1	1073449	1073450	0.309
chr1	1073450	1073451	-0.524
chr1	1073451	1073452	-0.846
chr1	1073452	1073453	0.008
chr1	1073453	1073454	-0.078
chr1	1073454	1073455	-0.058
chr1	1073455	1073456	-0.383
chr1	1073456	1073457	-0.308
chr1	1073457	1073458	0.523
chr1	1073458	1073459	-0.766
chr1	1073459	1073460	0.544
chr1	1073460	1073461	0.196
chr1	1073461	1073462	-0.799
chr1	1073462	1073463	-1.059
chr1	1073463	1073464	0.305
chr1	1073464	1073465	-0.107
chr1	1073465	1073466	-1.58
chr1	1073466	1073467	0.686
chr1	1073467	1073468	-0.179
chr1	1073468	1073469	-0.104
chr1	1073469	1073470	-0.179
chr1	1073470	1073471	0.058
chr1	1073471	1073472	0.003
chr1	1073472	1073473	0.154
chr1	1073473	1073474	-0.268
chr1	1073474	1073475	0.008
chr1	1073475	1073476	0.166
chr1	1073476	1073478	1.805
chr1	1073478	1073479	0.414
chr1	1073479	1073480	1.805
chr1	1073480	1073481	0.419
chr1	1073481	1073482	-0.465
chr1	1073482	1073483	-1.198
chr1	1073483	1073484	0.186
chr1	1073484	1073485	-0.481
chr1	1073485	1073486	-0.542
chr1	1073486	1073487	2.019
chr1	1073487	1073488	0.87
chr1	1073488	1073489	0.102
chr1	1073489	1073490	2.019
chr1	1073490	1073491	1.674
chr1	1073491	1073492	-1.066
chr1	1073492	1073493	0.376
chr1	1073493	1073494	0.289
chr1	1073494	1073495	-0.757
chr1	1073495	1073496	-0.726
chr1	1073496	1073497	0.122
chr1	1073497	1073498	0.606
chr1	1073498	1073499	-0.323
chr1	1073499	1073500	0.5
chr1	1073500	1073501	0.64
chr1	1073501	1073502	0.133
chr1	1073502	1073503	1.9
chr1	1073503	1073504	0.573
chr1	1073504	1073505	0.352
chr1	1073505	1073506	-0.82
chr1	1073506	1073507	-2.893
chr1	1073507	1073508	0.122
chr1	1073508	1073509	0.155
chr1	1073509	1073510	-1.172
chr1	1073510	1073511	-0.226
chr1	1073511	1073512	0.328
chr1	1073512	1073513	1.785
chr1	1073513	1073514	1.311
chr1	1073514	1073515	1.342
chr1	1073515	1073516	-1.235
chr1	1073516	1073517	0.577
chr1	1073517	1073518	0.605
chr1	1073518	1073519	1.647
chr1	1073519	1073520	-0.714
chr1	1073520	1073521	-2.867
chr1	1073521	1073522	0.253
chr1	1073522	1073523	-0.144
chr1	1073523	1073524	-1.922
chr1	1073524	1073526	1.431
chr1	1073526	1073527	-0.067
chr1	1073527	1073528	-0.085
chr1	1073528	1073529	0.391
chr1	1073529	1073530	-0.435
chr1	1073530	1073531	0.289
chr1	1073531	1073532	0.253
chr1	1073532	1073533	-0.071
chr1	1073533	1073534	0.241
chr1	1073534	1073535	-0.254
chr1	1073535	1073536	0.183
chr1	1073536	1073537	1.469
chr1	1073537	1073538	-0.359
chr1	1073538	1073539	0.272
chr1	1073539	1073540	0.178
chr1	1073540	1073541	-0.182
chr1	1073541	1073542	-1.105
chr1	1073542	1073543	0.207
chr1	1073543	1073544	0.279
chr1	1073544	1073545	1.647
chr1	1073545	1073546	-0.145
chr1	1073546	1073547	-0.316
chr1	1073547	1073548	0.082
chr1	1073548	1073549	-0.1
chr1	1073549	1073550	-0.161
chr1	1073550	1073551	1.647
chr1	1073551	1073552	0.577
chr1	1073552	1073553	0.145
chr1	1073553	1073554	-0.573
chr1	1073554	1073555	-0.32
chr1	1073555	1073556	0.084
chr1	1073556	1073557	1.411
chr1	1073557	1073558	0.135
chr1	1073558	1073559	0.197
chr1	1073559	1073560	1.411
chr1	1073560	1073561	-1.215
chr1	1073561	1073562	1.411
chr1	1073562	1073563	-0.261
chr1	1073563	1073564	1.411
chr1	1073564	1073565	-4.165
chr1	1073565	1073566	-0.667
chr1	1073566	1073567	1.404
chr1	1073567	1073568	-2.015
chr1	1073568	1073570	1.404
chr1	1073570	1073571	-1.067
chr1	1073571	1073572	0.074
chr1	1073572	1073573	1.252
chr1	1073573	1073574	0.039
chr1	1073574	1073575	-0.024
chr1	1073575	1073576	-0.208
chr1	1073576	1073577	1.404
chr1	1073577	1073578	0.807
chr1	1073578	1073579	-0.246
chr1	1073579	1073580	0.677
chr1	1073580	1073581	0.968
chr1	1073581	1073582	-1.631
chr1	1073582	1073583	0.949
chr1	1073583	1073584	-0.709
chr1	1073584	1073585	0.095
chr1	1073585	1073586	1.344
chr1	1073586	1073587	-0.829
chr1	1073587	1073588	1.344
chr1	1073588	1073589	-1.23
chr1	1073589	1073590	-0.054
chr1	1073590	1073591	1.344
chr1	1073591	1073592	0.169
chr1	1073592	1073593	-0.136
chr1	1073593	1073594	-0.238
chr1	1073594	1073595	-0.077
chr1	1073595	1073596	-0.807
chr1	1073596	1073597	1.53
chr1	1073597	1073598	0.137
chr1	1073598	1073599	0.185
chr1	1073599	1073600	-0.121
chr1	1073600	1073601	0.314
chr1	1073601	1073602	0.1
chr1	1073602	1073603	-0.506
chr1	1073603	1073604	1.344
chr1	1073604	1073605	-0.148
chr1	1073605	1073606	0.164
chr1	1073606	1073607	0.191
chr1	1073607	1073608	-0.782
chr1	1073608	1073609	-0.214
chr1	1073609	1073610	0.191
chr1	1073610	1073611	-0.448
chr1	1073611	1073612	-0.188
chr1	1073612	1073613	0.19
chr1	1073613	1073614	1.53
chr1	1073614	1073615	-0.068
chr1	1073615	1073616	-0.296
chr1	1073616	1073617	-0.182
chr1	1073617	1073618	-0.405
chr1	1073618	1073619	-0.658
chr1	1073619	1073620	-0.108
chr1	1073620	1073621	0.018
chr1	1073621	1073622	0.131
chr1	1073622	1073623	0.677
chr1	1073623	1073624	0.747
chr1	1073624	1073625	1.228
chr1	1073625	1073626	-0.331
chr1	1073626	1073627	1.372
chr1	1073627	1073628	0.088
chr1	1073628	1073629	-0.34
chr1	1073629	1073630	1.446
chr1	1073630	1073631	-0.035
chr1	1073631	1073632	-0.171
chr1	1073632	1073633	-0.683
chr1	1073633	1073634	-0.729
chr1	1073634	1073635	-0.673
chr1	1073635	1073636	-0.723
chr1	1073636	1073637	0.411
chr1	1073637	1073638	0.029
chr1	1073638	1073639	0.447
chr1	1073639	1073640	0.613
chr1	1073640	1073641	0.296
chr1	1073641	1073642	-0.051
chr1	1073642	1073643	-0.097
chr1	1073643	1073644	0.229
chr1	1073644	1073645	-0.084
chr1	1073645	1073646	-0.479
chr1	1073646	1073647	1.201
chr1	1073647	1073648	-0.598
chr1	1073648	1073649	0.094
chr1	1073649	1073650	-0.422
chr1	1073650	1073651	-0.348
chr1	1073651	1073652	1.305
chr1	1073652	1073653	-0.139
chr1	1073653	1073654	1.279
chr1	1073654	1073656	0.379
chr1	1073656	1073657	1.305
chr1	1073657	1073658	1.279
chr1	1073658	1073659	1.169
chr1	1073659	1073660	1.279
chr1	1073660	1073662	0.379
chr1	1073662	1073663	0.483
chr1	1073663	1073664	0.321
chr1	1073664	1073665	1.53
chr1	1073665	1073666	-1.198
chr1	1073666	1073667	-0.652
chr1	1073667	1073668	0.263
chr1	1073668	1073669	-0.317
chr1	1073669	1073670	-1.579
chr1	1073670	1073671	-0.814
chr1	1073671	1073672	0.169
chr1	1073672	1073673	-0.076
chr1	1073673	1073674	1.533
chr1	1073674	1073675	-1.701
chr1	1073675	1073676	-0.097
chr1	1073676	1073677	-0.719
chr1	1073677	1073678	-0.58
chr1	1073678	1073679	0.263
chr1	1073679	1073680	1.383
chr1	1073680	1073681	-0.356
chr1	1073681	1073682	-0.559
chr1	1073682	1073683	-0.204
chr1	1073683	1073684	-0.188
chr1	1073684	1073685	-0.056
chr1	1073685	1073686	0.193
chr1	1073686	1073687	-0.171
chr1	1073687	1073688	-2.735
chr1	1073688	1073689	-2.842
chr1	1073689	1073690	0.216
chr1	1073690	1073691	0.09
chr1	1073691	1073692	1.376
chr1	1073692	1073693	-1.493
chr1	1073693	1073694	1.231
chr1	1073694	1073695	-0.304
chr1	1073695	1073696	0.019
chr1	1073696	1073697	-0.049
chr1	1073697	1073698	0.216
chr1	1073698	1073699	-0.327
chr1	1073699	1073700	0.103
chr1	1073700	1073701	1.376
chr1	1073701	1073702	0.216
chr1	1073702	1073703	-0.403
chr1	1073703	1073704	0.087
chr1	1073704	1073705	-0.412
chr1	1073705	1073706	1.265
chr1	1073706	1073707	-0.393
chr1	1073707	1073710	1.376
chr1	1073710	1073711	0.103
chr1	1073711	1073712	-0.342
chr1	1073712	1073713	-0.235
chr1	1073713	1073714	-0.418
chr1	1073714	1073715	-1.624
chr1	1073715	1073716	1.376
chr1	1073716	1073717	-0.386
chr1	1073717	1073719	1.376
chr1	1073719	1073720	1.231
chr1	1073720	1073721	-1.645
chr1	1073721	1073722	1.376
chr1	1073722	1073723	0.972
chr1	1073723	1073724	0.942
chr1	1073724	1073725	-1.083
chr1	1073725	1073726	0.972
chr1	1073726	1073727	0.127
chr1	1073727	1073728	-0.141
chr1	1073728	1073729	1.231
chr1	1073729	1073730	-0.403
chr1	1073730	1073731	0.137
chr1	1073731	1073732	-1.075
chr1	1073732	1073733	0.219
chr1	1073733	1073734	-0.199
chr1	1073734	1073735	1.344
chr1	1073735	1073736	0.155
chr1	1073736	1073737	-0.342
chr1	1073737	1073738	0.227
chr1	1073738	1073739	1.231
chr1	1073739	1073740	1.344
chr1	1073740	1073741	0.367
chr1	1073741	1073742	0.102
chr1	1073742	1073743	-0.386
chr1	1073743	1073744	0.111
chr1	1073744	1073745	0.942
chr1	1073745	1073746	-0.141
chr1	1073746	1073747	0.916
chr1	1073747	1073749	0.968
chr1	1073749	1073750	0.127
chr1	1073750	1073751	-0.157
chr1	1073751	1073753	1.231
chr1	1073753	1073754	0.07
chr1	1073754	1073755	0.054
chr1	1073755	1073757	1.231
chr1	1073757	1073758	1.265
chr1	1073758	1073760	1.376
chr1	1073760	1073761	-0.327
chr1	1073761	1073762	0.216
chr1	1073762	1073763	1.344
chr1	1073763	1073764	-0.403
chr1	1073764	1073765	1.231
chr1	1073765	1073766	-0.234
chr1	1073766	1073767	1.265
chr1	1073767	1073768	1.376
chr1	1073768	1073769	-0.192
chr1	1073769	1073770	1.265
chr1	1073770	1073771	1.376
chr1	1073771	1073773	-0.423
chr1	1073773	1073774	0.358
chr1	1073774	1073775	-0.56
chr1	1073775	1073776	-1.532
chr1	1073776	1073777	0.034
chr1	1073777	1073778	0.087
chr1	1073778	1073779	-1.029
chr1	1073779	1073780	0.09
chr1	1073780	1073781	1.231
chr1	1073781	1073782	-0.412
chr1	1073782	1073783	1.231
chr1	1073783	1073784	-0.041
chr1	1073784	1073785	1.344
chr1	1073785	1073786	-0.327
chr1	1073786	1073787	-0.323
chr1	1073787	1073789	0.103
chr1	1073789	1073790	0.07
chr1	1073790	1073792	0.358
chr1	1073792	1073793	-0.325
chr1	1073793	1073794	-0.386
chr1	1073794	1073795	1.231
chr1	1073795	1073796	0.968
chr1	1073796	1073798	0.127
chr1	1073798	1073800	0.103
chr1	1073800	1073801	0.09
chr1	1073801	1073802	-0.412
chr1	1073802	1073803	1.344
chr1	1073803	1073804	0.111
chr1	1073804	1073806	1.231
chr1	1073806	1073807	0.102
chr1	1073807	1073808	0.156
chr1	1073808	1073809	0.17
chr1	1073809	1073810	-1.255
chr1	1073810	1073811	0.17
chr1	1073811	1073812	0.147
chr1	1073812	1073814	0.17
chr1	1073814	1073815	0.147
chr1	1073815	1073817	0.972
chr1	1073817	1073818	-1.197
chr1	1073818	1073819	-1.435
chr1	1073819	1073820	-1.468
chr1	1073820	1073821	-1.435
chr1	1073821	1073822	-1.429
chr1	1073822	1073823	-1.26
chr1	1073823	1073824	-1.389
chr1	1073824	1073825	-0.177
chr1	1073825	1073826	0.942
chr1	1073826	1073827	0.972
chr1	1073827	1073828	-1.248
chr1	1073828	1073829	0.968
chr1	1073829	1073830	-1.099
chr1	1073830	1073831	-0.141
chr1	1073831	1073832	0.216
chr1	1073832	1073834	1.231
chr1	1073834	1073835	0.162
chr1	1073835	1073836	1.376
chr1	1073836	1073837	0.681
chr1	1073837	1073838	0.697
chr1	1073838	1073839	-0.052
chr1	1073839	1073840	0.681
chr1	1073840	1073841	0.147
chr1	1073841	1073842	-1.278
chr1	1073842	1073843	-1.143
chr1	1073843	1073844	0.17
chr1	1073844	1073845	-1.346
chr1	1073845	1073846	0.164
chr1	1073846	1073848	0.17
chr1	1073848	1073849	0.681
chr1	1073849	1073850	0.09
chr1	1073850	1073851	1.376
chr1	1073851	1073852	0.07
chr1	1073852	1073853	1.376
chr1	1073853	1073854	0.367
chr1	1073854	1073855	1.231
chr1	1073855	1073856	1.344
chr1	1073856	1073857	0.151
chr1	1073857	1073858	0.054
chr1	1073858	1073859	0.06
chr1	1073859	1073860	0.156
chr1	1073860	1073861	0.127
chr1	1073861	1073862	0.968
chr1	1073862	1073864	0.019
chr1	1073864	1073865	-0.121
chr1	1073865	1073866	0.916
chr1	1073866	1073867	0.942
chr1	1073867	1073868	-0.141
chr1	1073868	1073869	0.972
chr1	1073869	1073870	0.968
chr1	1073870	1073871	0.358
chr1	1073871	1073872	-1.297
chr1	1073872	1073873	0.216
chr1	1073873	1073874	-0.041
chr1	1073874	1073875	0.054
chr1	1073875	1073876	1.376
chr1	1073876	1073877	0.054
chr1	1073877	1073878	0.358
chr1	1073878	1073879	1.376
chr1	1073879	1073880	-0.199
chr1	1073880	1073881	1.231
chr1	1073881	1073882	0.07
chr1	1073882	1073883	1.376
chr1	1073883	1073884	1.344
chr1	1073884	1073886	1.376
chr1	1073886	1073887	-0.481
chr1	1073887	1073888	-0.412
chr1	1073888	1073889	-1.418
chr1	1073889	1073890	-1.245
chr1	1073890	1073891	-1.613
chr1	1073891	1073892	-0.33
chr1	1073892	1073893	0.055
chr1	1073893	1073894	1.376
chr1	1073894	1073895	1.344
chr1	1073895	1073896	0.054
chr1	1073896	1073897	0.916
chr1	1073897	1073898	0.019
chr1	1073898	1073899	0.367
chr1	1073899	1073900	0.103
chr1	1073900	1073901	0.054
chr1	1073901	1073902	0.103
chr1	1073902	1073903	0.697
chr1	1073903	1073904	1.231
chr1	1073904	1073905	1.344
chr1	1073905	1073906	-1.245
chr1	1073906	1073907	-0.814
chr1	1073907	1073909	1.231
chr1	1073909	1073910	0.127
chr1	1073910	1073911	0.916
chr1	1073911	1073912	0.942
chr1	1073912	1073913	0.972
chr1	1073913	1073914	0.916
chr1	1073914	1073915	0.968
chr1	1073915	1073916	0.135
chr1	1073916	1073917	0.697
chr1	1073917	1073918	0.681
chr1	1073918	1073919	-1.591
chr1	1073919	1073920	1.344
chr1	1073920	1073921	1.376
chr1	1073921	1073922	0.216
chr1	1073922	1073923	1.231
chr1	1073923	1073924	1.265
chr1	1073924	1073925	0.367
chr1	1073925	1073927	1.376
chr1	1073927	1073928	0.145
chr1	1073928	1073929	0.972
chr1	1073929	1073930	0.968
chr1	1073930	1073931	-0.14
chr1	1073931	1073932	0.968
chr1	1073932	1073933	1.661
chr1	1073933	1073934	1.612
chr1	1073934	1073935	1.661
chr1	1073935	1073936	0.145
chr1	1073936	1073937	-0.105
chr1	1073937	1073938	-0.531
chr1	1073938	1073939	0.353
chr1	1073939	1073940	-0.483
chr1	1073940	1073941	-0.523
chr1	1073941	1073942	-1.73
chr1	1073942	1073943	-0.128
chr1	1073943	1073944	1.453
chr1	1073944	1073945	-3.242
chr1	1073945	1073946	0.236
chr1	1073946	1073947	1.453
chr1	1073947	1073948	-0.494
chr1	1073948	1073949	0.231
chr1	1073949	1073950	-0.719
chr1	1073950	1073951	1.612
chr1	1073951	1073953	0.348
chr1	1073953	1073954	-0.164
chr1	1073954	1073955	0.579
chr1	1073955	1073956	-0.005
chr1	1073956	1073957	0.087
chr1	1073957	1073959	1.053
chr1	1073959	1073960	-0.637
chr1	1073960	1073961	0.086
chr1	1073961	1073964	0.112
chr1	1073964	1073966	-0.19
chr1	1073966	1073967	0.951
chr1	1073967	1073969	0.112
chr1	1073969	1073970	0.96
chr1	1073970	1073971	-3.43
chr1	1073971	1073972	-0.006
chr1	1073972	1073973	0.264
chr1	1073973	1073974	0.262
chr1	1073974	1073975	-0.414
chr1	1073975	1073976	-0.754
chr1	1073976	1073977	0.189
chr1	1073977	1073978	1.602
chr1	1073978	1073980	1.651
chr1	1073980	1073982	1.445
chr1	1073982	1073983	-0.526
chr1	1073983	1073984	1.602
chr1	1073984	1073985	1.651
chr1	1073985	1073986	0.342
chr1	1073986	1073987	-0.595
chr1	1073987	1073988	-0.47
chr1	1073988	1073989	-0.408
chr1	1073989	1073990	-0.633
chr1	1073990	1073991	0.584
chr1	1073991	1073992	0.751
chr1	1073992	1073993	0.212
chr1	1073993	1073995	1.809
chr1	1073995	1073996	0.452
chr1	1073996	1073997	0.009
chr1	1073997	1073998	-0.273
chr1	1073998	1073999	-0.821
chr1	1073999	1074000	0.042
chr1	1074000	1074001	-0.432
chr1	1074001	1074002	0.638
chr1	1074002	1074003	-0.348
chr1	1074003	1074004	-0.018
chr1	1074004	1074005	-0.003
chr1	1074005	1074006	-0.566
chr1	1074006	1074007	-0.391
chr1	1074007	1074008	0.688
chr1	1074008	1074009	1.249
chr1	1074009	1074010	0.349
chr1	1074010	1074011	-0.19
chr1	1074011	1074012	0.544
chr1	1074012	1074013	1.734
chr1	1074013	1074014	1.979
chr1	1074014	1074015	0.41
chr1	1074015	1074016	-0.109
chr1	1074016	1074017	-1.174
chr1	1074017	1074018	-1.464
chr1	1074018	1074019	-0.059
chr1	1074019	1074020	0.274
chr1	1074020	1074021	-1.521
chr1	1074021	1074022	-0.254
chr1	1074022	1074023	1.979
chr1	1074023	1074024	-0.016
chr1	1074024	1074025	-1.296
chr1	1074025	1074026	0.72
chr1	1074026	1074027	-0.301
chr1	1074027	1074028	-0.085
chr1	1074028	1074029	-0.047
chr1	1074029	1074030	-0.415
chr1	1074030	1074031	-0.348
chr1	1074031	1074032	-0.011
chr1	1074032	1074033	0.41
chr1	1074033	1074034	-1.477
chr1	1074034	1074035	-0.23
chr1	1074035	1074036	-0.186
chr1	1074036	1074037	-0.274
chr1	1074037	1074038	0.272
chr1	1074038	1074039	1.249
chr1	1074039	1074040	0.261
chr1	1074040	1074041	0.007
chr1	1074041	1074042	-0.011
chr1	1074042	1074043	-1.152
chr1	1074043	1074044	0.337
chr1	1074044	1074045	0.574
chr1	1074045	1074046	0.881
chr1	1074046	1074047	0.729
chr1	1074047	1074048	0.173
chr1	1074048	1074049	-0.096
chr1	1074049	1074050	0.499
chr1	1074050	1074051	-1.742
chr1	1074051	1074052	0.191
chr1	1074052	1074053	-0.319
chr1	1074053	1074054	0.02
chr1	1074054	1074055	-0.241
chr1	1074055	1074056	-1.491
chr1	1074056	1074057	0.089
chr1	1074057	1074058	1.373
chr1	1074058	1074059	-0.548
chr1	1074059	1074060	0.387
chr1	1074060	1074061	-0.155
chr1	1074061	1074062	-0.241
chr1	1074062	1074063	0.639
chr1	1074063	1074064	0.835
chr1	1074064	1074065	1.979
chr1	1074065	1074066	-0.414
chr1	1074066	1074067	1.979
chr1	1074067	1074068	-0.285
chr1	1074068	1074069	-1.245
chr1	1074069	1074070	-0.131
chr1	1074070	1074071	1.689
chr1	1074071	1074072	-0.561
chr1	1074072	1074073	-3.213
chr1	1074073	1074074	0.227
chr1	1074074	1074075	0.559
chr1	1074075	1074076	-0.222
chr1	1074076	1074077	-0.109
chr1	1074077	1074079	1.689
chr1	1074079	1074080	0.468
chr1	1074080	1074081	-0.414
chr1	1074081	1074082	0.21
chr1	1074082	1074083	-0.083
chr1	1074083	1074084	1.249
chr1	1074084	1074085	0.261
chr1	1074085	1074086	-0.057
chr1	1074086	1074087	1.249
chr1	1074087	1074088	-0.004
chr1	1074088	1074089	-0.019
chr1	1074089	1074090	0.191
chr1	1074090	1074091	1.409
chr1	1074091	1074092	-0.279
chr1	1074092	1074093	-0.32
chr1	1074093	1074094	0.09
chr1	1074094	1074095	-1.045
chr1	1074095	1074096	-0.76
chr1	1074096	1074097	0.397
chr1	1074097	1074098	-0.074
chr1	1074098	1074099	-1.44
chr1	1074099	1074100	-0.779
chr1	1074100	1074101	-0.139
chr1	1074101	1074102	-2.7
chr1	1074102	1074103	0.733
chr1	1074103	1074104	0.072
chr1	1074104	1074105	-0.678
chr1	1074105	1074106	0.646
chr1	1074106	1074107	0.441
chr1	1074107	1074108	1.689
chr1	1074108	1074109	-0.159
chr1	1074109	1074110	0.015
chr1	1074110	1074111	-0.482
chr1	1074111	1074112	0.079
chr1	1074112	1074113	0.189
chr1	1074113	1074114	-0.32
chr1	1074114	1074115	-1.051
chr1	1074115	1074116	-1.409
chr1	1074116	1074117	-0.702
chr1	1074117	1074118	0.364
chr1	1074118	1074119	-0.505
chr1	1074119	1074120	-0.102
chr1	1074120	1074121	0.082
chr1	1074121	1074122	-0.309
chr1	1074122	1074123	1.016
chr1	1074123	1074124	1.194
chr1	1074124	1074125	-0.835
chr1	1074125	1074126	-1.025
chr1	1074126	1074127	1.104
chr1	1074127	1074128	1.151
chr1	1074128	1074129	0.967
chr1	1074129	1074130	-0.142
chr1	1074130	1074131	1.266
chr1	1074131	1074132	-0.047
chr1	1074132	1074133	1.241
chr1	1074133	1074134	0.05
chr1	1074134	1074135	-0.749
chr1	1074135	1074136	0.448
chr1	1074136	1074137	1.8
chr1	1074137	1074138	0.673
chr1	1074138	1074139	0.665
chr1	1074139	1074140	0.501
chr1	1074140	1074141	0.671
chr1	1074141	1074142	-3.161
chr1	1074142	1074143	-1.355
chr1	1074143	1074144	-0.996
chr1	1074144	1074145	0.076
chr1	1074145	1074146	1.989
chr1	1074146	1074147	-0.084
chr1	1074147	1074148	-0.772
chr1	1074148	1074149	-1.427
chr1	1074149	1074150	0.731
chr1	1074150	1074151	0.599
chr1	1074151	1074152	-0.815
chr1	1074152	1074153	-0.391
chr1	1074153	1074154	-0.748
chr1	1074154	1074155	-0.083
chr1	1074155	1074156	0.219
chr1	1074156	1074157	1.355
chr1	1074157	1074158	-1.045
chr1	1074158	1074159	1.506
chr1	1074159	1074160	-0.977
chr1	1074160	1074161	0.275
chr1	1074161	1074162	0.17
chr1	1074162	1074163	1.506
chr1	1074163	1074164	-0.326
chr1	1074164	1074165	1.506
chr1	1074165	1074166	0.296
chr1	1074166	1074167	-0.303
chr1	1074167	1074168	-0.212
chr1	1074168	1074169	-2.2
chr1	1074169	1074170	-0.084
chr1	1074170	1074171	0.277
chr1	1074171	1074172	0.279
chr1	1074172	1074173	1.506
chr1	1074173	1074174	-0.615
chr1	1074174	1074175	1.506
chr1	1074175	1074176	-1.177
chr1	1074176	1074177	-0.359
chr1	1074177	1074178	0.333
chr1	1074178	1074179	1.32
chr1	1074179	1074180	0.237
chr1	1074180	1074181	0.279
chr1	1074181	1074182	-2.103
chr1	1074182	1074183	-1.457
chr1	1074183	1074184	-0.613
chr1	1074184	1074185	-0.923
chr1	1074185	1074186	-0.258
chr1	1074186	1074187	0.27
chr1	1074187	1074188	0.682
chr1	1074188	1074189	0.092
chr1	1074189	1074190	-0.032
chr1	1074190	1074191	2.007
chr1	1074191	1074192	-0.696
chr1	1074192	1074193	0.151
chr1	1074193	1074194	-0.479
chr1	1074194	1074195	-0.719
chr1	1074195	1074196	-0.212
chr1	1074196	1074197	0.423
chr1	1074197	1074198	2.084
chr1	1074198	1074199	-0.091
chr1	1074199	1074200	-0.226
chr1	1074200	1074201	0.682
chr1	1074201	1074202	-0.165
chr1	1074202	1074203	0.71
chr1	1074203	1074204	-0.13
chr1	1074204	1074205	1.768
chr1	1074205	1074206	-0.019
chr1	1074206	1074207	1.178
chr1	1074207	1074208	-1.056
chr1	1074208	1074209	1.262
chr1	1074209	1074210	-0.249
chr1	1074210	1074211	-0.204
chr1	1074211	1074212	0.08
chr1	1074212	1074213	0.085
chr1	1074213	1074214	0.093
chr1	1074214	1074215	-0.134
chr1	1074215	1074216	-1.364
chr1	1074216	1074217	-1.447
chr1	1074217	1074218	1.466
chr1	1074218	1074219	-0.223
chr1	1074219	1074220	1.07
chr1	1074220	1074221	-0.587
chr1	1074221	1074222	-0.348
chr1	1074222	1074223	-0.19
chr1	1074223	1074224	-0.57
chr1	1074224	1074225	0.314
chr1	1074225	1074226	-0.073
chr1	1074226	1074227	-0.721
chr1	1074227	1074228	0.147
chr1	1074228	1074229	-0.966
chr1	1074229	1074230	0.347
chr1	1074230	1074231	0.895
chr1	1074231	1074232	1.993
chr1	1074232	1074233	0.44
chr1	1074233	1074234	0.697
chr1	1074234	1074235	-0.228
chr1	1074235	1074236	-0.37
chr1	1074236	1074237	0.063
chr1	1074237	1074238	1.43
chr1	1074238	1074239	0.009
chr1	1074239	1074240	-0.121
chr1	1074240	1074241	-0.575
chr1	1074241	1074244	1.43
chr1	1074244	1074245	-0.362
chr1	1074245	1074246	0.464
chr1	1074246	1074247	-1.806
chr1	1074247	1074248	-0.118
chr1	1074248	1074249	1.262
chr1	1074249	1074250	0.189
chr1	1074250	1074252	1.43
chr1	1074252	1074253	0.101
chr1	1074253	1074254	1.142
chr1	1074254	1074255	1.315
chr1	1074255	1074256	-1.183
chr1	1074256	1074257	0.22
chr1	1074257	1074258	-0.377
chr1	1074258	1074259	1.499
chr1	1074259	1074260	0.143
chr1	1074260	1074261	0.413
chr1	1074261	1074262	-0.324
chr1	1074262	1074263	0.048
chr1	1074263	1074264	1.588
chr1	1074264	1074265	-0.01
chr1	1074265	1074266	-0.2
chr1	1074266	1074267	0.479
chr1	1074267	1074268	-0.096
chr1	1074268	1074269	1.979
chr1	1074269	1074270	-0.118
chr1	1074270	1074271	0.421
chr1	1074271	1074272	0.881
chr1	1074272	1074273	-1.088
chr1	1074273	1074274	-0.302
chr1	1074274	1074275	0.281
chr1	1074275	1074276	-0.068
chr1	1074276	1074277	1.689
chr1	1074277	1074278	0.049
chr1	1074278	1074279	-0.403
chr1	1074279	1074280	0.68
chr1	1074280	1074281	-0.397
chr1	1074281	1074282	0.284
chr1	1074282	1074283	0.025
chr1	1074283	1074284	1.016
chr1	1074284	1074285	0.032
chr1	1074285	1074286	-0.105
chr1	1074286	1074287	1.705
chr1	1074287	1074288	0.225
chr1	1074288	1074289	1.527
chr1	1074289	1074290	0.143
chr1	1074290	1074291	1.194
chr1	1074291	1074292	0.463
chr1	1074292	1074293	1.807
chr1	1074293	1074294	0.267
chr1	1074294	1074295	-0.296
chr1	1074295	1074296	-0.625
chr1	1074296	1074297	1.615
chr1	1074297	1074298	0.567
chr1	1074298	1074299	-0.338
chr1	1074299	1074300	0.559
chr1	1074300	1074301	-0.76
chr1	1074301	1074302	-1.096
chr1	1074302	1074303	-1.942
chr1	1074303	1074304	0.567
chr1	1074304	1074306	1.689
chr1	1074306	1074307	0.274
chr1	1074307	1074308	0.451
chr1	1074308	1074309	0.118
chr1	1074309	1074310	0.457
chr1	1074310	1074311	1.979
chr1	1074311	1074312	-0.121
chr1	1074312	1074313	-0.113
chr1	1074313	1074314	-0.241
chr1	1074314	1074315	-0.594
chr1	1074315	1074316	-0.035
chr1	1074316	1074317	1.979
chr1	1074317	1074318	0.084
chr1	1074318	1074319	1.979
chr1	1074319	1074320	-1.46
chr1	1074320	1074321	0.41
chr1	1074321	1074322	-0.399
chr1	1074322	1074323	-0.024
chr1	1074323	1074324	-0.329
chr1	1074324	1074325	-0.178
chr1	1074325	1074326	1.572
chr1	1074326	1074327	0.242
chr1	1074327	1074328	-0.022
chr1	1074328	1074329	-0.527
chr1	1074329	1074330	1.689
chr1	1074330	1074331	0.409
chr1	1074331	1074332	1.979
chr1	1074332	1074333	-0.443
chr1	1074333	1074334	-0.171
chr1	1074334	1074335	1.979
chr1	1074335	1074336	0.646
chr1	1074336	1074337	-0.673
chr1	1074337	1074338	-0.259
chr1	1074338	1074339	0.598
chr1	1074339	1074340	0.49
chr1	1074340	1074341	0.058
chr1	1074341	1074342	0.881
chr1	1074342	1074343	0.578
chr1	1074343	1074344	0.019
chr1	1074344	1074345	-1.294
chr1	1074345	1074346	1.689
chr1	1074346	1074347	0.451
chr1	1074347	1074348	-0.786
chr1	1074348	1074349	0.284
chr1	1074349	1074350	-0.544
chr1	1074350	1074351	-0.059
chr1	1074351	1074352	-0.011
chr1	1074352	1074353	0.014
chr1	1074353	1074354	-0.015
chr1	1074354	1074355	-0.136
chr1	1074355	1074356	-0.045
chr1	1074356	1074357	0.418
chr1	1074357	1074358	0.479
chr1	1074358	1074359	-0.407
chr1	1074359	1074360	0.72
chr1	1074360	1074361	0.24
chr1	1074361	1074362	-0.24
chr1	1074362	1074363	-0.869
chr1	1074363	1074364	-0.457
chr1	1074364	1074365	0.11
chr1	1074365	1074366	0.731
chr1	1074366	1074367	0.007
chr1	1074367	1074368	1.675
chr1	1074368	1074369	-0.454
chr1	1074369	1074370	-0.131
chr1	1074370	1074371	-1.353
chr1	1074371	1074372	0.028
chr1	1074372	1074373	-0.202
chr1	1074373	1074374	0.535
chr1	1074374	1074375	-0.927
chr1	1074375	1074376	-0.066
chr1	1074376	1074377	1.479
chr1	1074377	1074378	-0.282
chr1	1074378	1074379	-0.313
chr1	1074379	1074380	0.341
chr1	1074380	1074381	-0.588
chr1	1074381	1074382	-1.749
chr1	1074382	1074383	-1.41
chr1	1074383	1074384	0.639
chr1	1074384	1074385	1.567
chr1	1074385	1074386	0.254
chr1	1074386	1074387	-0.079
chr1	1074387	1074388	-0.458
chr1	1074388	1074389	0.828
chr1	1074389	1074391	-0.279
chr1	1074391	1074392	-1.415
chr1	1074392	1074393	0.268
chr1	1074393	1074394	-0.012
chr1	1074394	1074395	0.017
chr1	1074395	1074396	-0.238
chr1	1074396	1074397	0.024
chr1	1074397	1074398	-0.186
chr1	1074398	1074399	-0.055
chr1	1074399	1074400	-0
chr1	1074400	1074401	2.026
chr1	1074401	1074402	2.105
chr1	1074402	1074403	-0.544
chr1	1074403	1074404	0.054
chr1	1074404	1074405	0.495
chr1	1074405	1074406	0.623
chr1	1074406	1074407	-1.105
chr1	1074407	1074408	-0.16
chr1	1074408	1074409	-2.244
chr1	1074409	1074410	0.093
chr1	1074410	1074411	-1.634
chr1	1074411	1074412	0.087
chr1	1074412	1074413	-0.358
chr1	1074413	1074414	0.699
chr1	1074414	1074415	-0.04
chr1	1074415	1074416	2.105
chr1	1074416	1074417	0.706
chr1	1074417	1074418	0.046
chr1	1074418	1074419	-0.181
chr1	1074419	1074420	-0.627
chr1	1074420	1074421	-0.87
chr1	1074421	1074422	-0.674
chr1	1074422	1074423	0.701
chr1	1074423	1074424	-0.105
chr1	1074424	1074425	0.184
chr1	1074425	1074426	-0.738
chr1	1074426	1074427	-0.033
chr1	1074427	1074428	-0.137
chr1	1074428	1074429	0.705
chr1	1074429	1074430	1.784
chr1	1074430	1074431	0.03
chr1	1074431	1074432	-0.498
chr1	1074432	1074433	0.584
chr1	1074433	1074434	-0.153
chr1	1074434	1074435	-0.058
chr1	1074435	1074436	-0.393
chr1	1074436	1074437	-0.111
chr1	1074437	1074438	0.41
chr1	1074438	1074439	0.2
chr1	1074439	1074440	0.188
chr1	1074440	1074441	-0.093
chr1	1074441	1074442	0.286
chr1	1074442	1074443	0.584
chr1	1074443	1074444	0.006
chr1	1074444	1074445	0.766
chr1	1074445	1074446	-0.262
chr1	1074446	1074447	-0.512
chr1	1074447	1074448	0.001
chr1	1074448	1074449	-0.363
chr1	1074449	1074450	0.202
chr1	1074450	1074451	-2.618
chr1	1074451	1074452	-0.61
chr1	1074452	1074453	-0.451
chr1	1074453	1074454	0.479
chr1	1074454	1074456	0.444
chr1	1074456	1074457	-0.012
chr1	1074457	1074458	0.423
chr1	1074458	1074459	0.201
chr1	1074459	1074460	0.816
chr1	1074460	1074461	-0.515
chr1	1074461	1074462	-2.061
chr1	1074462	1074463	0.062
chr1	1074463	1074464	-0.216
chr1	1074464	1074465	-0.837
chr1	1074465	1074466	0.201
chr1	1074466	1074467	0.016
chr1	1074467	1074468	0.753
chr1	1074468	1074469	-0.556
chr1	1074469	1074470	-0.119
chr1	1074470	1074471	0.586
chr1	1074471	1074472	-0.103
chr1	1074472	1074473	-0.141
chr1	1074473	1074474	0.794
chr1	1074474	1074475	2.105
chr1	1074475	1074476	0.124
chr1	1074476	1074477	2.026
chr1	1074477	1074478	2.105
chr1	1074478	1074479	1.577
chr1	1074479	1074480	0.393
chr1	1074480	1074481	-0.436
chr1	1074481	1074482	0.606
chr1	1074482	1074483	-0.212
chr1	1074483	1074484	-0.378
chr1	1074484	1074485	1.979
chr1	1074485	1074486	-0.052
chr1	1074486	1074487	0.077
chr1	1074487	1074488	0.043
chr1	1074488	1074489	0.535
chr1	1074489	1074490	-0.209
chr1	1074490	1074491	0.644
chr1	1074491	1074492	-0.025
chr1	1074492	1074493	0.244
chr1	1074493	1074494	0.457
chr1	1074494	1074495	1.979
chr1	1074495	1074496	0.458
chr1	1074496	1074497	0.451
chr1	1074497	1074498	1.979
chr1	1074498	1074499	1.409
chr1	1074499	1074500	0.108
chr1	1074500	1074501	1.374
chr1	1074501	1074502	0.493
chr1	1074502	1074503	0.466
chr1	1074503	1074504	0.674
chr1	1074504	1074505	-0.386
chr1	1074505	1074506	0.486
chr1	1074506	1074507	-0.915
chr1	1074507	1074508	-0.827
chr1	1074508	1074509	-3.345
chr1	1074509	1074510	-0.995
chr1	1074510	1074511	-0.819
chr1	1074511	1074512	-2.348
chr1	1074512	1074513	-1.038
chr1	1074513	1074514	0.37
chr1	1074514	1074515	0.534
chr1	1074515	1074516	0.063
chr1	1074516	1074517	0.441
chr1	1074517	1074518	-2.926
chr1	1074518	1074519	-0.163
chr1	1074519	1074520	-0.414
chr1	1074520	1074521	1.661
chr1	1074521	1074522	0.246
chr1	1074522	1074523	-1.661
chr1	1074523	1074524	0.053
chr1	1074524	1074525	-0.382
chr1	1074525	1074526	0.351
chr1	1074526	1074527	1.879
chr1	1074527	1074528	-0.072
chr1	1074528	1074529	0.169
chr1	1074529	1074530	-0.232
chr1	1074530	1074531	1.614
chr1	1074531	1074532	0.318
chr1	1074532	1074533	0.208
chr1	1074533	1074534	-0.777
chr1	1074534	1074535	-0.328
chr1	1074535	1074536	0.493
chr1	1074536	1074537	1.302
chr1	1074537	1074538	1.274
chr1	1074538	1074539	-0.02
chr1	1074539	1074540	-3.306
chr1	1074540	1074541	1.201
chr1	1074541	1074542	-0.247
chr1	1074542	1074543	-0.033
chr1	1074543	1074544	0.437
chr1	1074544	1074545	0.338
chr1	1074545	1074546	1.879
chr1	1074546	1074547	0.493
chr1	1074547	1074548	-1.796
chr1	1074548	1074549	0.628
chr1	1074549	1074550	0.397
chr1	1074550	1074551	0.331
chr1	1074551	1074552	-0.774
chr1	1074552	1074553	-0.036
chr1	1074553	1074554	0.365
chr1	1074554	1074555	-0.642
chr1	1074555	1074556	0.466
chr1	1074556	1074557	-0.252
chr1	1074557	1074558	-0.458
chr1	1074558	1074559	0.009
chr1	1074559	1074560	0.466
chr1	1074560	1074561	0.795
chr1	1074561	1074563	1.61
chr1	1074563	1074564	-1.386
chr1	1074564	1074565	-1.285
chr1	1074565	1074566	-0.105
chr1	1074566	1074567	0.192
chr1	1074567	1074568	0.415
chr1	1074568	1074569	0.365
chr1	1074569	1074570	-2.77
chr1	1074570	1074571	-0.662
chr1	1074571	1074572	0.141
chr1	1074572	1074573	-1.95
chr1	1074573	1074574	-0.489
chr1	1074574	1074575	-0.053
chr1	1074575	1074576	-0.16
chr1	1074576	1074577	0.227
chr1	1074577	1074578	-1.423
chr1	1074578	1074579	0.177
chr1	1074579	1074580	-0.617
chr1	1074580	1074581	0.599
chr1	1074581	1074582	-1.175
chr1	1074582	1074583	0.357
chr1	1074583	1074584	-1.691
chr1	1074584	1074586	1.606
chr1	1074586	1074587	-0.098
chr1	1074587	1074588	-0.834
chr1	1074588	1074589	-0.06
chr1	1074589	1074590	1.869
chr1	1074590	1074591	-1.248
chr1	1074591	1074592	-0.274
chr1	1074592	1074593	-0.819
chr1	1074593	1074594	1.649
chr1	1074594	1074595	1.869
chr1	1074595	1074596	0.456
chr1	1074596	1074597	0.483
chr1	1074597	1074598	0.541
chr1	1074598	1074599	-0.012
chr1	1074599	1074600	1.291
chr1	1074600	1074601	-0.552
chr1	1074601	1074602	1.192
chr1	1074602	1074603	0.159
chr1	1074603	1074604	0.293
chr1	1074604	1074605	1.606
chr1	1074605	1074606	-0.435
chr1	1074606	1074607	0.58
chr1	1074607	1074608	1.646
chr1	1074608	1074609	-0.652
chr1	1074609	1074610	0.241
chr1	1074610	1074611	0.036
chr1	1074611	1074612	-0.003
chr1	1074612	1074613	0.186
chr1	1074613	1074614	1.869
chr1	1074614	1074615	0.098
chr1	1074615	1074616	-0.55
chr1	1074616	1074617	-1.948
chr1	1074617	1074618	0.31
chr1	1074618	1074619	-0.436
chr1	1074619	1074620	1.869
chr1	1074620	1074621	0.447
chr1	1074621	1074622	0.103
chr1	1074622	1074623	1.869
chr1	1074623	1074624	-0.662
chr1	1074624	1074625	0.302
chr1	1074625	1074626	0.394
chr1	1074626	1074627	-0.106
chr1	1074627	1074628	1.487
chr1	1074628	1074629	-0.349
chr1	1074629	1074630	-0.612
chr1	1074630	1074631	-1.578
chr1	1074631	1074632	0.204
chr1	1074632	1074633	1.529
chr1	1074633	1074634	-1.466
chr1	1074634	1074635	-1.319
chr1	1074635	1074636	0.951
chr1	1074636	1074637	0.112
chr1	1074637	1074638	-1.318
chr1	1074638	1074639	1.16
chr1	1074639	1074640	0.205
chr1	1074640	1074641	0.189
chr1	1074641	1074642	1.695
chr1	1074642	1074643	0.621
chr1	1074643	1074644	0.189
chr1	1074644	1074645	-0.321
chr1	1074645	1074646	-0.709
chr1	1074646	1074647	-0.146
chr1	1074647	1074648	-0.623
chr1	1074648	1074649	1.869
chr1	1074649	1074650	-0.481
chr1	1074650	1074651	1.869
chr1	1074651	1074652	-0.001
chr1	1074652	1074654	1.606
chr1	1074654	1074655	1.649
chr1	1074655	1074656	0.787
chr1	1074656	1074657	-0.292
chr1	1074657	1074658	0.58
chr1	1074658	1074659	-0.005
chr1	1074659	1074660	0.951
chr1	1074660	1074661	0.955
chr1	1074661	1074662	0.903
chr1	1074662	1074663	0.22
chr1	1074663	1074664	-0.76
chr1	1074664	1074665	-0.3
chr1	1074665	1074666	0.285
chr1	1074666	1074667	-0.242
chr1	1074667	1074668	0.39
chr1	1074668	1074669	0.58
chr1	1074669	1074670	-0.294
chr1	1074670	1074671	-1.889
chr1	1074671	1074672	-0.894
chr1	1074672	1074673	-0.741
chr1	1074673	1074674	-0.037
chr1	1074674	1074675	1.869
chr1	1074675	1074676	-0.175
chr1	1074676	1074677	0.179
chr1	1074677	1074678	0.348
chr1	1074678	1074679	0.041
chr1	1074679	1074680	-0.749
chr1	1074680	1074681	0.552
chr1	1074681	1074682	-1.445
chr1	1074682	1074683	0.223
chr1	1074683	1074684	0.58
chr1	1074684	1074685	-0.611
chr1	1074685	1074686	-0.049
chr1	1074686	1074687	-1.234
chr1	1074687	1074688	-0.105
chr1	1074688	1074689	1.606
chr1	1074689	1074690	-0.759
chr1	1074690	1074691	-1.169
chr1	1074691	1074692	0.393
chr1	1074692	1074693	-2.022
chr1	1074693	1074694	0.407
chr1	1074694	1074695	-1.262
chr1	1074695	1074696	-0.333
chr1	1074696	1074697	0.334
chr1	1074697	1074698	0.186
chr1	1074698	1074699	-0.37
chr1	1074699	1074700	-1.413
chr1	1074700	1074701	0.348
chr1	1074701	1074702	0.041
chr1	1074702	1074703	0.787
chr1	1074703	1074704	-2.067
chr1	1074704	1074705	1.869
chr1	1074705	1074706	-1.524
chr1	1074706	1074707	1.606
chr1	1074707	1074708	0.285
chr1	1074708	1074709	-0.37
chr1	1074709	1074710	1.869
chr1	1074710	1074711	0.348
chr1	1074711	1074712	0.31
chr1	1074712	1074713	0.09
chr1	1074713	1074714	0.348
chr1	1074714	1074715	-4.394
chr1	1074715	1074716	-0.075
chr1	1074716	1074718	1.869
chr1	1074718	1074719	0.483
chr1	1074719	1074720	-0.092
chr1	1074720	1074721	-0.643
chr1	1074721	1074722	-0.06
chr1	1074722	1074723	1.606
chr1	1074723	1074724	-0.258
chr1	1074724	1074725	0.033
chr1	1074725	1074726	-0.178
chr1	1074726	1074727	1.606
chr1	1074727	1074728	-0.163
chr1	1074728	1074729	-0.866
chr1	1074729	1074730	0.628
chr1	1074730	1074731	0.162
chr1	1074731	1074732	0.497
chr1	1074732	1074733	-0.409
chr1	1074733	1074734	0.472
chr1	1074734	1074735	0.326
chr1	1074735	1074736	0.456
chr1	1074736	1074737	1.264
chr1	1074737	1074738	-0.524
chr1	1074738	1074739	-0.028
chr1	1074739	1074740	-2.011
chr1	1074740	1074741	-0.373
chr1	1074741	1074742	0.791
chr1	1074742	1074743	0.783
chr1	1074743	1074746	2.204
chr1	1074746	1074747	0.12
chr1	1074747	1074748	0.307
chr1	1074748	1074749	0.01
chr1	1074749	1074750	0.076
chr1	1074750	1074751	-0.184
chr1	1074751	1074752	0.202
chr1	1074752	1074753	-1.128
chr1	1074753	1074754	-1.848
chr1	1074754	1074755	-0.585
chr1	1074755	1074756	-1.811
chr1	1074756	1074757	-0.121
chr1	1074757	1074758	-0.123
chr1	1074758	1074759	-0.709
chr1	1074759	1074760	0.607
chr1	1074760	1074761	0.011
chr1	1074761	1074762	-0.453
chr1	1074762	1074763	-0.054
chr1	1074763	1074764	0.714
chr1	1074764	1074765	-0.314
chr1	1074765	1074766	-1.019
chr1	1074766	1074767	0.003
chr1	1074767	1074768	0.61
chr1	1074768	1074769	-0.536
chr1	1074769	1074770	-1.016
chr1	1074770	1074771	2.204
chr1	1074771	1074772	0.336
chr1	1074772	1074773	0.183
chr1	1074773	1074774	-0.02
chr1	1074774	1074775	1.87
chr1	1074775	1074776	-0.479
chr1	1074776	1074777	0.066
chr1	1074777	1074778	0.791
chr1	1074778	1074779	-0.328
chr1	1074779	1074780	2.204
chr1	1074780	1074781	-0.779
chr1	1074781	1074782	0.611
chr1	1074782	1074783	0.208
chr1	1074783	1074784	-0.313
chr1	1074784	1074785	0.164
chr1	1074785	1074786	-0.907
chr1	1074786	1074787	-0.017
chr1	1074787	1074788	-0.834
chr1	1074788	1074789	-0.269
chr1	1074789	1074790	2.19
chr1	1074790	1074791	0.049
chr1	1074791	1074792	-0.771
chr1	1074792	1074793	0.82
chr1	1074793	1074794	-0.842
chr1	1074794	1074795	0.604
chr1	1074795	1074796	-0.036
chr1	1074796	1074797	-0.13
chr1	1074797	1074798	-0.152
chr1	1074798	1074799	-0.216
chr1	1074799	1074800	0.612
chr1	1074800	1074801	0.82
chr1	1074801	1074802	0.696
chr1	1074802	1074803	2.19
chr1	1074803	1074804	0.781
chr1	1074804	1074805	1.016
chr1	1074805	1074806	2.19
chr1	1074806	1074807	0.802
chr1	1074807	1074808	0.11
chr1	1074808	1074809	-0.032
chr1	1074809	1074810	-1.308
chr1	1074810	1074811	1.86
chr1	1074811	1074812	0.103
chr1	1074812	1074813	0.095
chr1	1074813	1074814	0.02
chr1	1074814	1074815	-2.866
chr1	1074815	1074816	-0.583
chr1	1074816	1074817	1.87
chr1	1074817	1074818	0.103
chr1	1074818	1074819	-1.015
chr1	1074819	1074820	-0.233
chr1	1074820	1074821	0.614
chr1	1074821	1074822	-0.3
chr1	1074822	1074823	-0.393
chr1	1074823	1074824	0.476
chr1	1074824	1074825	0.59
chr1	1074825	1074826	0.007
chr1	1074826	1074827	-0.439
chr1	1074827	1074828	-1.452
chr1	1074828	1074829	0.39
chr1	1074829	1074830	0.186
chr1	1074830	1074831	-0.501
chr1	1074831	1074832	0.145
chr1	1074832	1074833	0.833
chr1	1074833	1074834	0.626
chr1	1074834	1074835	-1.349
chr1	1074835	1074836	0.579
chr1	1074836	1074837	0.055
chr1	1074837	1074838	0.059
chr1	1074838	1074839	1.69
chr1	1074839	1074840	0.343
chr1	1074840	1074841	1.69
chr1	1074841	1074842	0.578
chr1	1074842	1074843	1.876
chr1	1074843	1074844	-0.011
chr1	1074844	1074845	1.87
chr1	1074845	1074846	0.386
chr1	1074846	1074847	0.007
chr1	1074847	1074848	0.61
chr1	1074848	1074849	1.87
chr1	1074849	1074850	-0.612
chr1	1074850	1074851	0.783
chr1	1074851	1074852	2.204
chr1	1074852	1074853	-2.09
chr1	1074853	1074854	-1.144
chr1	1074854	1074855	-0.107
chr1	1074855	1074856	0.497
chr1	1074856	1074857	-0.055
chr1	1074857	1074858	-0.032
chr1	1074858	1074859	-0.698
chr1	1074859	1074860	0.037
chr1	1074860	1074861	0.255
chr1	1074861	1074862	-0.867
chr1	1074862	1074863	0.614
chr1	1074863	1074864	1.996
chr1	1074864	1074865	0.053
chr1	1074865	1074866	0.065
chr1	1074866	1074867	2.204
chr1	1074867	1074868	0.325
chr1	1074868	1074869	-0.113
chr1	1074869	1074870	-0.107
chr1	1074870	1074871	0.083
chr1	1074871	1074872	1.87
chr1	1074872	1074873	-0.672
chr1	1074873	1074874	-0.054
chr1	1074874	1074875	-1.47
chr1	1074875	1074876	-1.92
chr1	1074876	1074877	-0.106
chr1	1074877	1074878	-0.146
chr1	1074878	1074879	-1.927
chr1	1074879	1074880	0.068
chr1	1074880	1074881	-0.589
chr1	1074881	1074882	-1.037
chr1	1074882	1074883	1.475
chr1	1074883	1074884	-0.721
chr1	1074884	1074885	0.652
chr1	1074885	1074886	-0.319
chr1	1074886	1074887	1.999
chr1	1074887	1074888	-0.053
chr1	1074888	1074889	-0.043
chr1	1074889	1074890	0.134
chr1	1074890	1074891	1.965
chr1	1074891	1074892	-0.143
chr1	1074892	1074893	0.948
chr1	1074893	1074894	0.077
chr1	1074894	1074895	0.17
chr1	1074895	1074896	-0.521
chr1	1074896	1074897	0.11
chr1	1074897	1074898	0.735
chr1	1074898	1074899	0.026
chr1	1074899	1074900	2.331
chr1	1074900	1074901	0.948
chr1	1074901	1074902	0.756
chr1	1074902	1074903	0.904
chr1	1074903	1074904	1.764
chr1	1074904	1074905	0.471
chr1	1074905	1074906	0.438
chr1	1074906	1074907	0.337
chr1	1074907	1074908	0.357
chr1	1074908	1074909	0.275
chr1	1074909	1074910	1.87
chr1	1074910	1074911	0.077
chr1	1074911	1074914	2.204
chr1	1074914	1074915	-1.384
chr1	1074915	1074916	1.644
chr1	1074916	1074917	1.762
chr1	1074917	1074918	-0.117
chr1	1074918	1074919	0.809
chr1	1074919	1074920	0.349
chr1	1074920	1074921	-0.021
chr1	1074921	1074922	1.291
chr1	1074922	1074923	-0.336
chr1	1074923	1074924	2.012
chr1	1074924	1074925	2.323
chr1	1074925	1074926	-0.187
chr1	1074926	1074927	0.266
chr1	1074927	1074929	2.066
chr1	1074929	1074930	-2.673
chr1	1074930	1074931	-1.101
chr1	1074931	1074932	0.052
chr1	1074932	1074933	0.072
chr1	1074933	1074934	-0.694
chr1	1074934	1074935	0.233
chr1	1074935	1074936	-0.539
chr1	1074936	1074937	-1.763
chr1	1074937	1074938	-0.69
chr1	1074938	1074939	-1.554
chr1	1074939	1074940	0.145
chr1	1074940	1074941	-1.185
chr1	1074941	1074942	0.682
chr1	1074942	1074943	-0.361
chr1	1074943	1074944	0.113
chr1	1074944	1074945	-0.647
chr1	1074945	1074946	0.175
chr1	1074946	1074947	-0.614
chr1	1074947	1074948	0.233
chr1	1074948	1074949	-0.093
chr1	1074949	1074950	-2.167
chr1	1074950	1074951	1.87
chr1	1074951	1074952	0.796
chr1	1074952	1074953	-0.395
chr1	1074953	1074954	2.126
chr1	1074954	1074955	-1.136
chr1	1074955	1074956	-0.363
chr1	1074956	1074957	-0.482
chr1	1074957	1074958	-0.272
chr1	1074958	1074959	0.096
chr1	1074959	1074960	-0.604
chr1	1074960	1074961	0.953
chr1	1074961	1074962	-0.373
chr1	1074962	1074963	0.409
chr1	1074963	1074964	0.455
chr1	1074964	1074965	-0.846
chr1	1074965	1074966	0.465
chr1	1074966	1074967	-1.816
chr1	1074967	1074968	0.184
chr1	1074968	1074969	-0.105
chr1	1074969	1074970	-0.379
chr1	1074970	1074971	0.643
chr1	1074971	1074972	-0.234
chr1	1074972	1074973	2.323
chr1	1074973	1074974	0.868
chr1	1074974	1074975	0.823
chr1	1074975	1074976	0.15
chr1	1074976	1074977	-0.713
chr1	1074977	1074978	-0.351
chr1	1074978	1074979	-0.383
chr1	1074979	1074980	0.293
chr1	1074980	1074981	-0.251
chr1	1074981	1074982	0.455
chr1	1074982	1074983	-0.018
chr1	1074983	1074984	-1.082
chr1	1074984	1074985	-0.25
chr1	1074985	1074986	-0.909
chr1	1074986	1074987	0.128
chr1	1074987	1074988	2.323
chr1	1074988	1074989	0.434
chr1	1074989	1074990	0.146
chr1	1074990	1074991	0.058
chr1	1074991	1074992	-0.993
chr1	1074992	1074993	-0.373
chr1	1074993	1074994	1.959
chr1	1074994	1074995	0.013
chr1	1074995	1074996	-1.619
chr1	1074996	1074997	-1.285
chr1	1074997	1074998	-1.576
chr1	1074998	1074999	-0.393
chr1	1074999	1075000	-1.439
chr1	1075000	1075001	0.021
chr1	1075001	1075002	-0.072
chr1	1075002	1075003	-0.71
chr1	1075003	1075004	0.759
chr1	1075004	1075005	-1.527
chr1	1075005	1075006	-1.883
chr1	1075006	1075007	0.953
chr1	1075007	1075008	-0.792
chr1	1075008	1075009	0.197
chr1	1075009	1075010	0.483
chr1	1075010	1075011	-1.608
chr1	1075011	1075012	0.56
chr1	1075012	1075013	0.09
chr1	1075013	1075014	-1.158
chr1	1075014	1075015	2.126
chr1	1075015	1075016	0.132
chr1	1075016	1075017	-0.109
chr1	1075017	1075018	0.069
chr1	1075018	1075020	1.959
chr1	1075020	1075021	0.161
chr1	1075021	1075022	0.953
chr1	1075022	1075023	-0.415
chr1	1075023	1075024	-0.402
chr1	1075024	1075025	-0.478
chr1	1075025	1075026	-0.71
chr1	1075026	1075027	0.019
chr1	1075027	1075028	1.757
chr1	1075028	1075029	-0.298
chr1	1075029	1075030	1.32
chr1	1075030	1075031	1.288
chr1	1075031	1075032	0.263
chr1	1075032	1075033	0.199
chr1	1075033	1075034	1.539
chr1	1075034	1075035	-0.556
chr1	1075035	1075036	-0.318
chr1	1075036	1075037	0.019
chr1	1075037	1075038	0.09
chr1	1075038	1075039	-0.779
chr1	1075039	1075040	-0.227
chr1	1075040	1075041	0.531
chr1	1075041	1075042	-0.521
chr1	1075042	1075043	0.215
chr1	1075043	1075044	1.567
chr1	1075044	1075045	-0.131
chr1	1075045	1075046	1.424
chr1	1075046	1075047	0.12
chr1	1075047	1075048	1.567
chr1	1075048	1075049	0.474
chr1	1075049	1075050	-0.657
chr1	1075050	1075051	1.567
chr1	1075051	1075052	1.058
chr1	1075052	1075053	0.012
chr1	1075053	1075054	-0.519
chr1	1075054	1075055	-0.626
chr1	1075055	1075056	-0.476
chr1	1075056	1075057	-1.669
chr1	1075057	1075058	-1.518
chr1	1075058	1075059	-2.012
chr1	1075059	1075060	0.683
chr1	1075060	1075061	-1.398
chr1	1075061	1075062	0.756
chr1	1075062	1075063	-0.069
chr1	1075063	1075064	1.329
chr1	1075064	1075065	1.323
chr1	1075065	1075066	-0.83
chr1	1075066	1075067	-2.367
chr1	1075067	1075068	0.24
chr1	1075068	1075069	0.483
chr1	1075069	1075070	-0.955
chr1	1075070	1075071	-0.095
chr1	1075071	1075072	-0.599
chr1	1075072	1075073	0.322
chr1	1075073	1075074	1.488
chr1	1075074	1075075	-0.161
chr1	1075075	1075076	0.418
chr1	1075076	1075077	-0.695
chr1	1075077	1075078	0.338
chr1	1075078	1075079	-2.257
chr1	1075079	1075080	0.189
chr1	1075080	1075081	-3.629
chr1	1075081	1075082	-0.735
chr1	1075082	1075083	0.338
chr1	1075083	1075084	0.42
chr1	1075084	1075085	1.725
chr1	1075085	1075086	0.429
chr1	1075086	1075087	-0.78
chr1	1075087	1075088	0.049
chr1	1075088	1075089	0.007
chr1	1075089	1075090	-1.055
chr1	1075090	1075091	0.088
chr1	1075091	1075092	0.319
chr1	1075092	1075093	1.488
chr1	1075093	1075094	0.05
chr1	1075094	1075095	1.599
chr1	1075095	1075096	0.022
chr1	1075096	1075097	1.599
chr1	1075097	1075098	0.066
chr1	1075098	1075099	-0.961
chr1	1075099	1075100	1.488
chr1	1075100	1075101	-0.335
chr1	1075101	1075102	0.42
chr1	1075102	1075103	-0.689
chr1	1075103	1075104	-1.167
chr1	1075104	1075105	0.24
chr1	1075105	1075106	1.725
chr1	1075106	1075107	-0.934
chr1	1075107	1075108	-0.908
chr1	1075108	1075109	-0.887
chr1	1075109	1075110	0.228
chr1	1075110	1075111	0.063
chr1	1075111	1075112	1.725
chr1	1075112	1075113	0.223
chr1	1075113	1075114	0.429
chr1	1075114	1075115	0.119
chr1	1075115	1075116	-0.51
chr1	1075116	1075117	-1.292
chr1	1075117	1075118	-0.496
chr1	1075118	1075119	-0.11
chr1	1075119	1075120	-0.16
chr1	1075120	1075121	0.999
chr1	1075121	1075122	0.157
chr1	1075122	1075123	0.26
chr1	1075123	1075124	-0.429
chr1	1075124	1075125	0.425
chr1	1075125	1075126	-0.081
chr1	1075126	1075127	0.187
chr1	1075127	1075128	-0.349
chr1	1075128	1075129	1.825
chr1	1075129	1075130	-0.681
chr1	1075130	1075131	0.456
chr1	1075131	1075132	1.272
chr1	1075132	1075133	1.825
chr1	1075133	1075134	-1.574
chr1	1075134	1075135	1.565
chr1	1075135	1075136	-0.224
chr1	1075136	1075137	-0.53
chr1	1075137	1075138	0.144
chr1	1075138	1075139	0.471
chr1	1075139	1075140	-2.45
chr1	1075140	1075141	0.426
chr1	1075141	1075142	0.177
chr1	1075142	1075143	-0.22
chr1	1075143	1075144	0.144
chr1	1075144	1075145	1.825
chr1	1075145	1075146	0.437
chr1	1075146	1075147	0.511
chr1	1075147	1075148	0.263
chr1	1075148	1075149	0.456
chr1	1075149	1075150	-0.063
chr1	1075150	1075151	-0.029
chr1	1075151	1075152	0.303
chr1	1075152	1075153	0.38
chr1	1075153	1075154	1.565
chr1	1075154	1075155	-1.536
chr1	1075155	1075156	-0.324
chr1	1075156	1075157	0.549
chr1	1075157	1075158	-1.188
chr1	1075158	1075159	0.145
chr1	1075159	1075160	-0.34
chr1	1075160	1075161	0.27
chr1	1075161	1075162	-1.423
chr1	1075162	1075163	-0.797
chr1	1075163	1075164	0.136
chr1	1075164	1075165	-0.515
chr1	1075165	1075166	0.304
chr1	1075166	1075167	-0.089
chr1	1075167	1075168	0.125
chr1	1075168	1075169	0.304
chr1	1075169	1075170	0.136
chr1	1075170	1075171	1.643
chr1	1075171	1075172	-0.785
chr1	1075172	1075173	-0.813
chr1	1075173	1075174	-0.556
chr1	1075174	1075175	0.723
chr1	1075175	1075176	-0.648
chr1	1075176	1075177	-0.711
chr1	1075177	1075178	-1.007
chr1	1075178	1075179	-0.247
chr1	1075179	1075180	-1.779
chr1	1075180	1075181	2.169
chr1	1075181	1075182	-0.367
chr1	1075182	1075183	-0.448
chr1	1075183	1075184	0.228
chr1	1075184	1075185	0.073
chr1	1075185	1075186	0.114
chr1	1075186	1075187	-2.551
chr1	1075187	1075188	1.862
chr1	1075188	1075189	-0.052
chr1	1075189	1075190	-0.619
chr1	1075190	1075191	1.775
chr1	1075191	1075192	0.219
chr1	1075192	1075193	0.508
chr1	1075193	1075194	0.285
chr1	1075194	1075195	1.571
chr1	1075195	1075196	0.169
chr1	1075196	1075197	0.382
chr1	1075197	1075198	0.508
chr1	1075198	1075199	0.639
chr1	1075199	1075200	0.12
chr1	1075200	1075201	-1.782
chr1	1075201	1075202	-0.232
chr1	1075202	1075203	0.494
chr1	1075203	1075204	0.455
chr1	1075204	1075205	2.04
chr1	1075205	1075206	0.559
chr1	1075206	1075207	-0.443
chr1	1075207	1075208	0.108
chr1	1075208	1075209	0.193
chr1	1075209	1075210	0.559
chr1	1075210	1075211	-1.969
chr1	1075211	1075212	1.814
chr1	1075212	1075213	-0.119
chr1	1075213	1075214	-0.063
chr1	1075214	1075215	1.765
chr1	1075215	1075216	1.814
chr1	1075216	1075219	2.04
chr1	1075219	1075220	-2.199
chr1	1075220	1075221	-0.011
chr1	1075221	1075222	-0.089
chr1	1075222	1075223	0.589
chr1	1075223	1075224	-0.288
chr1	1075224	1075225	0.604
chr1	1075225	1075226	-0.169
chr1	1075226	1075227	0.543
chr1	1075227	1075228	-0.384
chr1	1075228	1075229	-0.208
chr1	1075229	1075230	-0.517
chr1	1075230	1075231	-1.235
chr1	1075231	1075232	-1.964
chr1	1075232	1075234	1.858
chr1	1075234	1075235	-0.985
chr1	1075235	1075236	-1.493
chr1	1075236	1075237	-0.26
chr1	1075237	1075238	1.569
chr1	1075238	1075239	0.451
chr1	1075239	1075240	-1.299
chr1	1075240	1075241	-0.199
chr1	1075241	1075242	-1.53
chr1	1075242	1075243	-0.364
chr1	1075243	1075244	-1.747
chr1	1075244	1075245	0.168
chr1	1075245	1075246	-0.273
chr1	1075246	1075247	-0.289
chr1	1075247	1075248	0.275
chr1	1075248	1075249	-0.12
chr1	1075249	1075250	0.08
chr1	1075250	1075251	0.075
chr1	1075251	1075252	-0.321
chr1	1075252	1075253	-2.091
chr1	1075253	1075254	0.492
chr1	1075254	1075255	-1.553
chr1	1075255	1075256	0.718
chr1	1075256	1075257	0.175
chr1	1075257	1075258	-0.387
chr1	1075258	1075259	0.262
chr1	1075259	1075260	-0.014
chr1	1075260	1075261	-0.468
chr1	1075261	1075262	0.37
chr1	1075262	1075263	0.796
chr1	1075263	1075264	-3.613
chr1	1075264	1075265	0.086
chr1	1075265	1075266	2.359
chr1	1075266	1075267	-0.86
chr1	1075267	1075268	0.901
chr1	1075268	1075269	-0.542
chr1	1075269	1075270	-0.661
chr1	1075270	1075271	0.95
chr1	1075271	1075272	0.093
chr1	1075272	1075273	0.09
chr1	1075273	1075274	0.742
chr1	1075274	1075275	2.013
chr1	1075275	1075276	0.738
chr1	1075276	1075277	0.07
chr1	1075277	1075278	0.094
chr1	1075278	1075279	-0.24
chr1	1075279	1075280	-0.338
chr1	1075280	1075281	0.125
chr1	1075281	1075282	-0.963
chr1	1075282	1075283	-1.845
chr1	1075283	1075284	-0.113
chr1	1075284	1075285	0.36
chr1	1075285	1075286	0.068
chr1	1075286	1075287	0.446
chr1	1075287	1075288	0.666
chr1	1075288	1075289	-1.754
chr1	1075289	1075290	-0.699
chr1	1075290	1075291	-0.517
chr1	1075291	1075292	1.066
chr1	1075292	1075293	2.359
chr1	1075293	1075294	1.142
chr1	1075294	1075295	0.023
chr1	1075295	1075296	0.091
chr1	1075296	1075297	0.019
chr1	1075297	1075298	0.295
chr1	1075298	1075299	0.527
chr1	1075299	1075300	2.053
chr1	1075300	1075301	2.597
chr1	1075301	1075302	-1.293
chr1	1075302	1075303	-1.422
chr1	1075303	1075304	0.163
chr1	1075304	1075305	-2.205
chr1	1075305	1075306	-1.795
chr1	1075306	1075307	-0.158
chr1	1075307	1075308	-1.553
chr1	1075308	1075309	-0.101
chr1	1075309	1075310	-2.065
chr1	1075310	1075311	0.275
chr1	1075311	1075312	-0.369
chr1	1075312	1075313	0.005
chr1	1075313	1075314	0.4
chr1	1075314	1075315	0.265
chr1	1075315	1075316	-0.833
chr1	1075316	1075317	0.788
chr1	1075317	1075318	0.034
chr1	1075318	1075319	-0.505
chr1	1075319	1075320	0.225
chr1	1075320	1075321	1.009
chr1	1075321	1075322	0.97
chr1	1075322	1075323	-1.507
chr1	1075323	1075324	-0.268
chr1	1075324	1075325	0.569
chr1	1075325	1075326	-0.26
chr1	1075326	1075327	0.727
chr1	1075327	1075328	0.774
chr1	1075328	1075329	1.077
chr1	1075329	1075330	-0.839
chr1	1075330	1075331	1.22
chr1	1075331	1075332	1.169
chr1	1075332	1075333	0.275
chr1	1075333	1075334	0.939
chr1	1075334	1075335	0.217
chr1	1075335	1075336	0.249
chr1	1075336	1075337	2.2
chr1	1075337	1075338	0.913
chr1	1075338	1075340	1.278
chr1	1075340	1075341	-1.823
chr1	1075341	1075342	1.169
chr1	1075342	1075343	-0.679
chr1	1075343	1075344	0.548
chr1	1075344	1075345	-0.933
chr1	1075345	1075346	0.265
chr1	1075346	1075347	-0.094
chr1	1075347	1075348	-0.804
chr1	1075348	1075349	1.111
chr1	1075349	1075350	-0.089
chr1	1075350	1075351	0.281
chr1	1075351	1075352	-0.04
chr1	1075352	1075353	0.381
chr1	1075353	1075354	1.349
chr1	1075354	1075355	1.159
chr1	1075355	1075356	2.19
chr1	1075356	1075357	0.704
chr1	1075357	1075358	0.096
chr1	1075358	1075359	0.126
chr1	1075359	1075360	1.836
chr1	1075360	1075361	-0.428
chr1	1075361	1075362	-1.558
chr1	1075362	1075363	-0.169
chr1	1075363	1075364	-2.176
chr1	1075364	1075365	-0.192
chr1	1075365	1075366	-1.158
chr1	1075366	1075367	-0.156
chr1	1075367	1075368	0.3
chr1	1075368	1075369	0.004
chr1	1075369	1075370	-2.193
chr1	1075370	1075371	0.217
chr1	1075371	1075372	-0.219
chr1	1075372	1075373	-0.093
chr1	1075373	1075374	-0.105
chr1	1075374	1075375	0.383
chr1	1075375	1075376	1.063
chr1	1075376	1075377	0.958
chr1	1075377	1075378	0.179
chr1	1075378	1075379	-0.582
chr1	1075379	1075380	-0.014
chr1	1075380	1075381	0.581
chr1	1075381	1075382	0.143
chr1	1075382	1075383	-0.057
chr1	1075383	1075384	0.022
chr1	1075384	1075385	-0.57
chr1	1075385	1075386	2.2
chr1	1075386	1075387	1.993
chr1	1075387	1075388	0.035
chr1	1075388	1075389	-0.067
chr1	1075389	1075390	0.335
chr1	1075390	1075391	1.211
chr1	1075391	1075392	0.333
chr1	1075392	1075393	0.34
chr1	1075393	1075394	-1.046
chr1	1075394	1075395	-1.496
chr1	1075395	1075396	0.986
chr1	1075396	1075397	-0.249
chr1	1075397	1075398	0.358
chr1	1075398	1075399	0.997
chr1	1075399	1075400	0.554
chr1	1075400	1075401	1.182
chr1	1075401	1075402	0.519
chr1	1075402	1075403	-0.223
chr1	1075403	1075404	0.228
chr1	1075404	1075405	0.294
chr1	1075405	1075406	-0.448
chr1	1075406	1075407	0.125
chr1	1075407	1075408	-0.432
chr1	1075408	1075409	-0.339
chr1	1075409	1075410	-0.881
chr1	1075410	1075411	0.11
chr1	1075411	1075412	0.844
chr1	1075412	1075413	1.072
chr1	1075413	1075414	-0.365
chr1	1075414	1075415	0.047
chr1	1075415	1075416	1.12
chr1	1075416	1075417	1.185
chr1	1075417	1075418	-0.971
chr1	1075418	1075419	-2.219
chr1	1075419	1075420	0.583
chr1	1075420	1075421	0.037
chr1	1075421	1075422	-0.802
chr1	1075422	1075423	0.897
chr1	1075423	1075424	-0.506
chr1	1075424	1075425	0.048
chr1	1075425	1075426	-0.811
chr1	1075426	1075427	-1.263
chr1	1075427	1075428	-0.779
chr1	1075428	1075429	-1.264
chr1	1075429	1075430	-0.309
chr1	1075430	1075431	0.008
chr1	1075431	1075432	-0.879
chr1	1075432	1075433	1.428
chr1	1075433	1075434	0.182
chr1	1075434	1075435	2.763
chr1	1075435	1075436	-1.39
chr1	1075436	1075437	-0.286
chr1	1075437	1075438	0.054
chr1	1075438	1075439	-0.248
chr1	1075439	1075440	-1.225
chr1	1075440	1075441	-0.177
chr1	1075441	1075442	0.221
chr1	1075442	1075443	1.937
chr1	1075443	1075444	0.042
chr1	1075444	1075445	-1.124
chr1	1075445	1075446	0.36
chr1	1075446	1075447	1.047
chr1	1075447	1075448	0.336
chr1	1075448	1075449	0.548
chr1	1075449	1075450	1.321
chr1	1075450	1075451	0.422
chr1	1075451	1075452	0.04
chr1	1075452	1075453	0.094
chr1	1075453	1075454	1.321
chr1	1075454	1075455	0.317
chr1	1075455	1075456	-0.145
chr1	1075456	1075457	-1.811
chr1	1075457	1075458	-0.039
chr1	1075458	1075459	0.95
chr1	1075459	1075460	1.078
chr1	1075460	1075461	2.763
chr1	1075461	1075462	0.085
chr1	1075462	1075463	1.225
chr1	1075463	1075464	0.518
chr1	1075464	1075465	-0.574
chr1	1075465	1075466	0.85
chr1	1075466	1075467	0.137
chr1	1075467	1075468	0.063
chr1	1075468	1075469	-0.014
chr1	1075469	1075470	0.348
chr1	1075470	1075471	1.69
chr1	1075471	1075472	0.343
chr1	1075472	1075473	0.189
chr1	1075473	1075474	-0.146
chr1	1075474	1075475	0.833
chr1	1075475	1075476	0.927
chr1	1075476	1075477	2.123
chr1	1075477	1075478	0.588
chr1	1075478	1075479	0.583
chr1	1075479	1075480	-0.295
chr1	1075480	1075481	0.368
chr1	1075481	1075482	-0.427
chr1	1075482	1075483	2.053
chr1	1075483	1075484	0.927
chr1	1075484	1075485	-1.66
chr1	1075485	1075486	-1.271
chr1	1075486	1075487	-0.042
chr1	1075487	1075488	-1.605
chr1	1075488	1075489	-1.473
chr1	1075489	1075490	0.125
chr1	1075490	1075491	-1.875
chr1	1075491	1075492	-0.518
chr1	1075492	1075493	-3.409
chr1	1075493	1075494	-0.263
chr1	1075494	1075495	-0.194
chr1	1075495	1075496	0.248
chr1	1075496	1075497	0.38
chr1	1075497	1075498	-0.659
chr1	1075498	1075499	-2.15
chr1	1075499	1075500	-0.84
chr1	1075500	1075501	0.337
chr1	1075501	1075502	-1.033
chr1	1075502	1075503	-0.977
chr1	1075503	1075504	-0.084
chr1	1075504	1075505	2.653
chr1	1075505	1075506	0.254
chr1	1075506	1075507	-0.07
chr1	1075507	1075508	-0.577
chr1	1075508	1075509	0.323
chr1	1075509	1075510	0.447
chr1	1075510	1075511	0.398
chr1	1075511	1075512	1.171
chr1	1075512	1075513	0.549
chr1	1075513	1075514	0.273
chr1	1075514	1075515	0.681
chr1	1075515	1075516	0.026
chr1	1075516	1075517	-0.708
chr1	1075517	1075518	0.522
chr1	1075518	1075519	0.058
chr1	1075519	1075520	-0.101
chr1	1075520	1075521	0.17
chr1	1075521	1075522	1.156
chr1	1075522	1075523	0.26
chr1	1075523	1075524	0.219
chr1	1075524	1075525	1.002
chr1	1075525	1075526	-0.226
chr1	1075526	1075527	0.077
chr1	1075527	1075528	-0.558
chr1	1075528	1075529	-0.426
chr1	1075529	1075530	-0.363
chr1	1075530	1075531	0.244
chr1	1075531	1075532	0.499
chr1	1075532	1075533	0.193
chr1	1075533	1075534	1.841
chr1	1075534	1075535	0.739
chr1	1075535	1075536	-0.445
chr1	1075536	1075537	0.128
chr1	1075537	1075538	0.937
chr1	1075538	1075539	0.509
chr1	1075539	1075540	-1.087
chr1	1075540	1075541	-0.338
chr1	1075541	1075542	0.059
chr1	1075542	1075543	0.058
chr1	1075543	1075544	-0.226
chr1	1075544	1075545	-1.673
chr1	1075545	1075546	-0.101
chr1	1075546	1075547	-0.171
chr1	1075547	1075548	-0.419
chr1	1075548	1075549	-1.626
chr1	1075549	1075550	0.016
chr1	1075550	1075551	-0.371
chr1	1075551	1075552	-0.442
chr1	1075552	1075553	0.508
chr1	1075553	1075554	-0.21
chr1	1075554	1075555	0.081
chr1	1075555	1075556	-0.452
chr1	1075556	1075557	0.367
chr1	1075557	1075558	-2.705
chr1	1075558	1075559	-0.528
chr1	1075559	1075560	0.042
chr1	1075560	1075561	-0.67
chr1	1075561	1075562	-1.447
chr1	1075562	1075563	0.694
chr1	1075563	1075564	1.04
chr1	1075564	1075565	0.132
chr1	1075565	1075566	0.86
chr1	1075566	1075567	-0.312
chr1	1075567	1075568	-0.424
chr1	1075568	1075569	0.124
chr1	1075569	1075570	-0.505
chr1	1075570	1075571	2.285
chr1	1075571	1075572	0.804
chr1	1075572	1075573	2.075
chr1	1075573	1075574	-0.165
chr1	1075574	1075575	-1.209
chr1	1075575	1075576	2.133
chr1	1075576	1075577	-1.534
chr1	1075577	1075578	-1.01
chr1	1075578	1075579	-0.183
chr1	1075579	1075580	0.094
chr1	1075580	1075581	0.668
chr1	1075581	1075582	-0.548
chr1	1075582	1075583	-0.044
chr1	1075583	1075584	2.342
chr1	1075584	1075585	0.175
chr1	1075585	1075586	0.889
chr1	1075586	1075587	-1.663
chr1	1075587	1075588	0.704
chr1	1075588	1075589	-0.619
chr1	1075589	1075590	0.063
chr1	1075590	1075591	0.064
chr1	1075591	1075592	-0.086
chr1	1075592	1075593	2.342
chr1	1075593	1075594	0.032
chr1	1075594	1075595	-0.274
chr1	1075595	1075596	1.143
chr1	1075596	1075597	-0.863
chr1	1075597	1075598	-0.934
chr1	1075598	1075599	-1.152
chr1	1075599	1075600	2.133
chr1	1075600	1075601	-0.458
chr1	1075601	1075602	-1.166
chr1	1075602	1075603	-1.526
chr1	1075603	1075604	-0.229
chr1	1075604	1075605	0.386
chr1	1075605	1075606	0.228
chr1	1075606	1075607	-1.047
chr1	1075607	1075608	-2.194
chr1	1075608	1075609	-0.145
chr1	1075609	1075610	0.119
chr1	1075610	1075611	-0.494
chr1	1075611	1075612	0.878
chr1	1075612	1075613	0.363
chr1	1075613	1075614	-0.813
chr1	1075614	1075615	-0.908
chr1	1075615	1075616	0.631
chr1	1075616	1075617	1.04
chr1	1075617	1075618	-0.023
chr1	1075618	1075619	-0.335
chr1	1075619	1075620	-1.155
chr1	1075620	1075621	-1.454
chr1	1075621	1075622	-1.55
chr1	1075622	1075623	-1.551
chr1	1075623	1075624	-1.266
chr1	1075624	1075625	0.222
chr1	1075625	1075626	0.394
chr1	1075626	1075627	-0.263
chr1	1075627	1075628	0.263
chr1	1075628	1075629	0.047
chr1	1075629	1075630	0.064
chr1	1075630	1075631	0.662
chr1	1075631	1075632	2.133
chr1	1075632	1075634	0.547
chr1	1075634	1075635	-0.647
chr1	1075635	1075636	-0.333
chr1	1075636	1075637	2.342
chr1	1075637	1075638	-1.394
chr1	1075638	1075639	0.112
chr1	1075639	1075640	0.703
chr1	1075640	1075641	0.15
chr1	1075641	1075642	0.064
chr1	1075642	1075643	0.151
chr1	1075643	1075644	0.879
chr1	1075644	1075645	2.342
chr1	1075645	1075646	0.073
chr1	1075646	1075647	0.948
chr1	1075647	1075648	-0.597
chr1	1075648	1075649	1.571
chr1	1075649	1075650	1.716
chr1	1075650	1075651	-0.518
chr1	1075651	1075652	0.804
chr1	1075652	1075653	0.239
chr1	1075653	1075654	2.342
chr1	1075654	1075655	0.703
chr1	1075655	1075656	0.19
chr1	1075656	1075657	-0.838
chr1	1075657	1075658	-0.73
chr1	1075658	1075659	-0.378
chr1	1075659	1075660	0.293
chr1	1075660	1075661	1.775
chr1	1075661	1075662	-0.672
chr1	1075662	1075663	-0.474
chr1	1075663	1075664	-0.62
chr1	1075664	1075665	1.571
chr1	1075665	1075666	-0.185
chr1	1075666	1075667	0.951
chr1	1075667	1075668	-1.466
chr1	1075668	1075669	-1.843
chr1	1075669	1075670	-0.166
chr1	1075670	1075671	-1.737
chr1	1075671	1075672	-1.197
chr1	1075672	1075673	-1.088
chr1	1075673	1075674	-0.728
chr1	1075674	1075675	-1.968
chr1	1075675	1075676	0.145
chr1	1075676	1075677	-0.525
chr1	1075677	1075678	0.065
chr1	1075678	1075679	2.352
chr1	1075679	1075680	-0.154
chr1	1075680	1075681	1.049
chr1	1075681	1075682	-3.395
chr1	1075682	1075683	-0.72
chr1	1075683	1075684	-0.579
chr1	1075684	1075685	-0.364
chr1	1075685	1075686	0.193
chr1	1075686	1075687	0.881
chr1	1075687	1075688	-0.066
chr1	1075688	1075689	0.75
chr1	1075689	1075690	-0.505
chr1	1075690	1075691	0.088
chr1	1075691	1075692	-1.132
chr1	1075692	1075693	-0.162
chr1	1075693	1075694	0.881
chr1	1075694	1075695	0.129
chr1	1075695	1075696	-0.188
chr1	1075696	1075697	-0.606
chr1	1075697	1075698	0.107
chr1	1075698	1075699	-1.882
chr1	1075699	1075700	-0.248
chr1	1075700	1075701	0.034
chr1	1075701	1075702	-0.789
chr1	1075702	1075703	-0.489
chr1	1075703	1075704	0.728
chr1	1075704	1075705	0.881
chr1	1075705	1075706	-0.77
chr1	1075706	1075707	-1.194
chr1	1075707	1075708	-2.29
chr1	1075708	1075709	0.146
chr1	1075709	1075710	0.507
chr1	1075710	1075711	-1.107
chr1	1075711	1075712	0.918
chr1	1075712	1075713	0.37
chr1	1075713	1075714	0.176
chr1	1075714	1075715	0.832
chr1	1075715	1075716	-0.723
chr1	1075716	1075717	0.078
chr1	1075717	1075718	-0.131
chr1	1075718	1075719	0.17
chr1	1075719	1075721	2.134
chr1	1075721	1075722	0.936
chr1	1075722	1075723	-1.635
chr1	1075723	1075724	-1.533
chr1	1075724	1075725	-0.599
chr1	1075725	1075726	0.494
chr1	1075726	1075727	0.643
chr1	1075727	1075728	0.285
chr1	1075728	1075729	-0.54
chr1	1075729	1075730	0.031
chr1	1075730	1075731	-0.557
chr1	1075731	1075732	-1.993
chr1	1075732	1075733	0.778
chr1	1075733	1075734	-0.007
chr1	1075734	1075735	0.613
chr1	1075735	1075736	1.773
chr1	1075736	1075737	-0.313
chr1	1075737	1075738	-1.075
chr1	1075738	1075739	-0.08
chr1	1075739	1075740	-1.026
chr1	1075740	1075741	0.179
chr1	1075741	1075742	2.352
chr1	1075742	1075743	-1.926
chr1	1075743	1075744	0.516
chr1	1075744	1075745	-0.142
chr1	1075745	1075746	-0.147
chr1	1075746	1075747	0.585
chr1	1075747	1075748	0.229
chr1	1075748	1075749	-0.239
chr1	1075749	1075750	-1.429
chr1	1075750	1075751	0.178
chr1	1075751	1075752	-0.11
chr1	1075752	1075753	0.294
chr1	1075753	1075754	0.396
chr1	1075754	1075755	0.391
chr1	1075755	1075756	1.171
chr1	1075756	1075757	-0.488
chr1	1075757	1075758	0.262
chr1	1075758	1075759	0.297
chr1	1075759	1075760	0.211
chr1	1075760	1075761	-0.398
chr1	1075761	1075762	0.298
chr1	1075762	1075763	-1.269
chr1	1075763	1075764	0.947
chr1	1075764	1075765	0.209
chr1	1075765	1075766	1.211
chr1	1075766	1075767	0.248
chr1	1075767	1075768	-0.189
chr1	1075768	1075769	1.009
chr1	1075769	1075770	0.525
chr1	1075770	1075771	0.028
chr1	1075771	1075772	0.003
chr1	1075772	1075773	0.923
chr1	1075773	1075774	-0.335
chr1	1075774	1075775	-0.038
chr1	1075775	1075776	-0.137
chr1	1075776	1075777	-2.596
chr1	1075777	1075778	0.463
chr1	1075778	1075779	0.516
chr1	1075779	1075780	0.49
chr1	1075780	1075781	2.597
chr1	1075781	1075782	0.534
chr1	1075782	1075783	2.359
chr1	1075783	1075784	0.242
chr1	1075784	1075785	-0.861
chr1	1075785	1075786	-0.064
chr1	1075786	1075787	0.688
chr1	1075787	1075788	0.075
chr1	1075788	1075789	0.162
chr1	1075789	1075790	-1.944
chr1	1075790	1075791	0.369
chr1	1075791	1075792	-0.04
chr1	1075792	1075793	0.222
chr1	1075793	1075794	-2.992
chr1	1075794	1075795	0.137
chr1	1075795	1075796	-0.186
chr1	1075796	1075797	-0.573
chr1	1075797	1075798	-0.81
chr1	1075798	1075799	-0.177
chr1	1075799	1075800	-0.002
chr1	1075800	1075801	0.019
chr1	1075801	1075802	0.528
chr1	1075802	1075803	0.247
chr1	1075803	1075804	0.066
chr1	1075804	1075805	0.205
chr1	1075805	1075806	-0.594
chr1	1075806	1075807	-0.884
chr1	1075807	1075808	1.329
chr1	1075808	1075809	0.198
chr1	1075809	1075810	0.436
chr1	1075810	1075811	-3.193
chr1	1075811	1075812	-0.063
chr1	1075812	1075813	0.938
chr1	1075813	1075814	0.223
chr1	1075814	1075815	2.653
chr1	1075815	1075816	1.22
chr1	1075816	1075817	1.171
chr1	1075817	1075818	-0.25
chr1	1075818	1075819	0.755
chr1	1075819	1075820	-1.357
chr1	1075820	1075821	0.613
chr1	1075821	1075822	-0.293
chr1	1075822	1075823	0.092
chr1	1075823	1075824	0.091
chr1	1075824	1075825	0.604
chr1	1075825	1075826	0.384
chr1	1075826	1075827	1.228
chr1	1075827	1075828	2.653
chr1	1075828	1075829	1.125
chr1	1075829	1075830	-3.384
chr1	1075830	1075831	-0.177
chr1	1075831	1075832	1.836
chr1	1075832	1075833	-0.27
chr1	1075833	1075834	0.136
chr1	1075834	1075835	-0.049
chr1	1075835	1075836	0.189
chr1	1075836	1075837	0.97
chr1	1075837	1075838	-0.17
chr1	1075838	1075839	0.333
chr1	1075839	1075840	0.22
chr1	1075840	1075841	-0.811
chr1	1075841	1075842	0.583
chr1	1075842	1075843	0.368
chr1	1075843	1075844	1.166
chr1	1075844	1075845	-1.235
chr1	1075845	1075846	-1.751
chr1	1075846	1075847	0.472
chr1	1075847	1075848	2.241
chr1	1075848	1075849	1.089
chr1	1075849	1075850	1.215
chr1	1075850	1075851	-0.338
chr1	1075851	1075852	-0.096
chr1	1075852	1075853	-0.035
chr1	1075853	1075854	-2.934
chr1	1075854	1075855	0.215
chr1	1075855	1075856	0.007
chr1	1075856	1075857	-0.47
chr1	1075857	1075858	-0.065
chr1	1075858	1075859	-0.986
chr1	1075859	1075860	-0.287
chr1	1075860	1075861	0.013
chr1	1075861	1075862	0.02
chr1	1075862	1075863	0.201
chr1	1075863	1075864	0.912
chr1	1075864	1075865	0.82
chr1	1075865	1075866	0.294
chr1	1075866	1075867	-0.883
chr1	1075867	1075868	0.307
chr1	1075868	1075869	0.306
chr1	1075869	1075870	1.22
chr1	1075870	1075871	1.162
chr1	1075871	1075872	-1.856
chr1	1075872	1075873	-0.182
chr1	1075873	1075874	-0.13
chr1	1075874	1075875	0.223
chr1	1075875	1075876	2.653
chr1	1075876	1075877	-0.036
chr1	1075877	1075878	1.228
chr1	1075878	1075879	-1.037
chr1	1075879	1075880	0.45
chr1	1075880	1075881	0.391
chr1	1075881	1075882	-0.939
chr1	1075882	1075883	-0.382
chr1	1075883	1075884	-0.384
chr1	1075884	1075885	-0.089
chr1	1075885	1075886	0.175
chr1	1075886	1075887	0.99
chr1	1075887	1075888	2.653
chr1	1075888	1075889	-0.042
chr1	1075889	1075890	-1.701
chr1	1075890	1075891	-3.569
chr1	1075891	1075892	-0.842
chr1	1075892	1075893	0.91
chr1	1075893	1075894	-1.523
chr1	1075894	1075895	-1.029
chr1	1075895	1075896	0.047
chr1	1075896	1075897	-0.356
chr1	1075897	1075898	0.328
chr1	1075898	1075899	0.077
chr1	1075899	1075900	-0.193
chr1	1075900	1075901	-0.615
chr1	1075901	1075902	2.653
chr1	1075902	1075903	-0.058
chr1	1075903	1075904	0.264
chr1	1075904	1075905	0.129
chr1	1075905	1075906	-0.697
chr1	1075906	1075907	-0.813
chr1	1075907	1075908	0.006
chr1	1075908	1075909	0.041
chr1	1075909	1075910	1.199
chr1	1075910	1075911	1.275
chr1	1075911	1075912	0.887
chr1	1075912	1075913	0.198
chr1	1075913	1075914	-1.439
chr1	1075914	1075915	1.667
chr1	1075915	1075916	-0.057
chr1	1075916	1075918	-0.015
chr1	1075918	1075919	0.929
chr1	1075919	1075920	-0.583
chr1	1075920	1075921	0.597
chr1	1075921	1075922	0.293
chr1	1075922	1075923	-1.322
chr1	1075923	1075924	0.908
chr1	1075924	1075925	-1.094
chr1	1075925	1075926	-4.156
chr1	1075926	1075927	-1.174
chr1	1075927	1075928	0.258
chr1	1075928	1075929	-0.041
chr1	1075929	1075930	0.114
chr1	1075930	1075931	0.461
chr1	1075931	1075932	-0.517
chr1	1075932	1075933	0.555
chr1	1075933	1075934	-0.845
chr1	1075934	1075935	2.245
chr1	1075935	1075936	0.298
chr1	1075936	1075937	0.426
chr1	1075937	1075938	-1.669
chr1	1075938	1075939	0.409
chr1	1075939	1075940	-0.591
chr1	1075940	1075941	0.449
chr1	1075941	1075942	0.375
chr1	1075942	1075943	-0.386
chr1	1075943	1075944	-0.107
chr1	1075944	1075945	-0.759
chr1	1075945	1075946	0.276
chr1	1075946	1075947	0.15
chr1	1075947	1075948	0.969
chr1	1075948	1075949	1.07
chr1	1075949	1075950	0.293
chr1	1075950	1075951	-1.459
chr1	1075951	1075952	0.137
chr1	1075952	1075953	0.174
chr1	1075953	1075954	0.58
chr1	1075954	1075955	-1.289
chr1	1075955	1075956	-0.51
chr1	1075956	1075957	-0.632
chr1	1075957	1075958	1.011
chr1	1075958	1075959	1.175
chr1	1075959	1075960	1.225
chr1	1075960	1075961	-1.538
chr1	1075961	1075962	-0.453
chr1	1075962	1075963	-0.083
chr1	1075963	1075964	2.402
chr1	1075964	1075965	0.26
chr1	1075965	1075966	0.885
chr1	1075966	1075967	-0.495
chr1	1075967	1075968	-0.737
chr1	1075968	1075969	0.473
chr1	1075969	1075970	0.264
chr1	1075970	1075971	0.972
chr1	1075971	1075972	0.02
chr1	1075972	1075973	-1.414
chr1	1075973	1075974	-0.842
chr1	1075974	1075975	-0.276
chr1	1075975	1075976	-1.284
chr1	1075976	1075977	-1.229
chr1	1075977	1075978	-0.532
chr1	1075978	1075979	-0.306
chr1	1075979	1075980	-0.95
chr1	1075980	1075981	0.031
chr1	1075981	1075982	-0.305
chr1	1075982	1075983	-0.323
chr1	1075983	1075984	0.249
chr1	1075984	1075985	1.892
chr1	1075985	1075986	-0.18
chr1	1075986	1075987	-1.883
chr1	1075987	1075988	0.936
chr1	1075988	1075989	0.81
chr1	1075989	1075990	-0.012
chr1	1075990	1075991	0.713
chr1	1075991	1075992	0.117
chr1	1075992	1075993	1.116
chr1	1075993	1075994	-0.501
chr1	1075994	1075995	0.719
chr1	1075995	1075996	0.726
chr1	1075996	1075997	-0.461
chr1	1075997	1075998	1.232
chr1	1075998	1075999	1.123
chr1	1075999	1076000	2.554
chr1	1076000	1076001	1.077
chr1	1076001	1076002	-0.811
chr1	1076002	1076003	-1.188
chr1	1076003	1076004	-2.728
chr1	1076004	1076005	-0.888
chr1	1076005	1076006	-1.712
chr1	1076006	1076007	0.005
chr1	1076007	1076008	-0.571
chr1	1076008	1076009	-0.019
chr1	1076009	1076010	0.471
chr1	1076010	1076011	2.745
chr1	1076011	1076012	-0.168
chr1	1076012	1076013	0.067
chr1	1076013	1076014	-1.468
chr1	1076014	1076015	0.924
chr1	1076015	1076016	-0.113
chr1	1076016	1076017	-0.071
chr1	1076017	1076018	-1.43
chr1	1076018	1076019	-1.362
chr1	1076019	1076020	0.703
chr1	1076020	1076021	0.024
chr1	1076021	1076022	0.126
chr1	1076022	1076023	0.677
chr1	1076023	1076024	-0.216
chr1	1076024	1076025	1.256
chr1	1076025	1076026	-0.174
chr1	1076026	1076027	2.745
chr1	1076027	1076028	0.032
chr1	1076028	1076029	-0.416
chr1	1076029	1076030	-0.581
chr1	1076030	1076031	-0.594
chr1	1076031	1076032	0.295
chr1	1076032	1076033	-1.301
chr1	1076033	1076034	-1.071
chr1	1076034	1076035	-3.925
chr1	1076035	1076036	-0.186
chr1	1076036	1076037	-4.975
chr1	1076037	1076038	0.253
chr1	1076038	1076039	0.06
chr1	1076039	1076040	-1.559
chr1	1076040	1076041	0.288
chr1	1076041	1076042	-0.209
chr1	1076042	1076043	-0.97
chr1	1076043	1076044	-1.905
chr1	1076044	1076045	0.202
chr1	1076045	1076046	1.083
chr1	1076046	1076047	0.389
chr1	1076047	1076048	-3.18
chr1	1076048	1076049	-1.442
chr1	1076049	1076050	-0.321
chr1	1076050	1076051	0.301
chr1	1076051	1076052	0.92
chr1	1076052	1076053	-1.002
chr1	1076053	1076054	0.003
chr1	1076054	1076055	0.157
chr1	1076055	1076056	0.164
chr1	1076056	1076057	0.881
chr1	1076057	1076058	-1.134
chr1	1076058	1076059	1.046
chr1	1076059	1076060	1.078
chr1	1076060	1076061	0.259
chr1	1076061	1076062	0.47
chr1	1076062	1076063	-1.593
chr1	1076063	1076064	-0.163
chr1	1076064	1076065	0.202
chr1	1076065	1076066	-0.144
chr1	1076066	1076067	0.885
chr1	1076067	1076068	0.16
chr1	1076068	1076069	0.069
chr1	1076069	1076070	-0.074
chr1	1076070	1076071	0.146
chr1	1076071	1076072	2.375
chr1	1076072	1076073	-1.674
chr1	1076073	1076074	-2.246
chr1	1076074	1076075	-1.359
chr1	1076075	1076076	-1.405
chr1	1076076	1076077	-1.02
chr1	1076077	1076078	-0.039
chr1	1076078	1076079	0.535
chr1	1076079	1076080	-0.229
chr1	1076080	1076081	-0.642
chr1	1076081	1076082	-0.793
chr1	1076082	1076083	-1.23
chr1	1076083	1076084	-0.535
chr1	1076084	1076085	-0.544
chr1	1076085	1076086	0.834
chr1	1076086	1076087	2.06
chr1	1076087	1076088	0.127
chr1	1076088	1076089	0.158
chr1	1076089	1076090	-0.219
chr1	1076090	1076091	0.911
chr1	1076091	1076092	-0.684
chr1	1076092	1076093	-0.738
chr1	1076093	1076094	-0.134
chr1	1076094	1076095	-0.464
chr1	1076095	1076096	-0.349
chr1	1076096	1076097	-0.619
chr1	1076097	1076098	-1.169
chr1	1076098	1076099	-0.152
chr1	1076099	1076100	-0.464
chr1	1076100	1076101	0.138
chr1	1076101	1076102	-0.258
chr1	1076102	1076103	0.474
chr1	1076103	1076104	0.566
chr1	1076104	1076105	-1.332
chr1	1076105	1076106	0.211
chr1	1076106	1076107	-2.043
chr1	1076107	1076108	-1.339
chr1	1076108	1076109	-0.368
chr1	1076109	1076110	-1.977
chr1	1076110	1076111	-0.662
chr1	1076111	1076112	-0.316
chr1	1076112	1076113	0.144
chr1	1076113	1076114	0.716
chr1	1076114	1076115	0.794
chr1	1076115	1076116	-0.677
chr1	1076116	1076117	0.56
chr1	1076117	1076118	2.196
chr1	1076118	1076119	-0.083
chr1	1076119	1076120	-1.065
chr1	1076120	1076121	1.124
chr1	1076121	1076122	-0.562
chr1	1076122	1076123	2.25
chr1	1076123	1076124	-1.593
chr1	1076124	1076125	0.662
chr1	1076125	1076126	-0.229
chr1	1076126	1076127	2.116
chr1	1076127	1076128	0.919
chr1	1076128	1076129	0.082
chr1	1076129	1076130	2.175
chr1	1076130	1076131	1.02
chr1	1076131	1076132	-1.245
chr1	1076132	1076133	0.87
chr1	1076133	1076134	-0.488
chr1	1076134	1076135	-0.357
chr1	1076135	1076136	-0.029
chr1	1076136	1076137	-0.037
chr1	1076137	1076138	0.311
chr1	1076138	1076139	0.357
chr1	1076139	1076140	-0.008
chr1	1076140	1076141	-1.085
chr1	1076141	1076142	-0.675
chr1	1076142	1076143	-1.347
chr1	1076143	1076144	1.33
chr1	1076144	1076145	0.289
chr1	1076145	1076146	0.147
chr1	1076146	1076147	-0.636
chr1	1076147	1076148	-0.067
chr1	1076148	1076149	-0.262
chr1	1076149	1076150	-0.832
chr1	1076150	1076151	-0.218
chr1	1076151	1076152	-0.81
chr1	1076152	1076153	-0.071
chr1	1076153	1076154	1.396
chr1	1076154	1076155	1.163
chr1	1076155	1076156	1.336
chr1	1076156	1076157	1.396
chr1	1076157	1076159	1.322
chr1	1076159	1076160	1.466
chr1	1076160	1076161	2.494
chr1	1076161	1076162	0.939
chr1	1076162	1076163	-1.071
chr1	1076163	1076164	0.065
chr1	1076164	1076165	0.091
chr1	1076165	1076166	-1.948
chr1	1076166	1076167	1.166
chr1	1076167	1076168	-0.208
chr1	1076168	1076169	-0.087
chr1	1076169	1076170	1.039
chr1	1076170	1076171	-0.841
chr1	1076171	1076172	-0.066
chr1	1076172	1076173	-0.428
chr1	1076173	1076174	-0.862
chr1	1076174	1076175	0.185
chr1	1076175	1076176	-0.449
chr1	1076176	1076177	0.859
chr1	1076177	1076178	0.617
chr1	1076178	1076179	-0.645
chr1	1076179	1076180	0.09
chr1	1076180	1076181	-0.828
chr1	1076181	1076182	-0.245
chr1	1076182	1076183	0.225
chr1	1076183	1076184	-1.254
chr1	1076184	1076185	-0.174
chr1	1076185	1076186	0.005
chr1	1076186	1076187	-0.023
chr1	1076187	1076188	-0.938
chr1	1076188	1076189	0.513
chr1	1076189	1076190	-0.117
chr1	1076190	1076191	-0.063
chr1	1076191	1076192	-1.991
chr1	1076192	1076193	0.065
chr1	1076193	1076194	0.389
chr1	1076194	1076195	-0.758
chr1	1076195	1076196	1.444
chr1	1076196	1076197	0.857
chr1	1076197	1076198	2.493
chr1	1076198	1076199	0.663
chr1	1076199	1076200	0.177
chr1	1076200	1076201	-0.279
chr1	1076201	1076202	0.171
chr1	1076202	1076203	0.193
chr1	1076203	1076204	0.204
