chr1	1249745	1249746	7.298
chr1	1249746	1249747	7.504
chr1	1249747	1249748	0.669
chr1	1249748	1249749	-1.205
chr1	1249749	1249750	-0.776
chr1	1249750	1249751	0.823
chr1	1249751	1249752	-0.41
chr1	1249752	1249753	-1.028
chr1	1249753	1249754	-1.231
chr1	1249754	1249755	-0.97
chr1	1249755	1249756	-0.907
chr1	1249756	1249757	-0.264
chr1	1249757	1249758	0.248
chr1	1249758	1249759	0.044
chr1	1249759	1249760	-1.338
chr1	1249760	1249761	0.698
chr1	1249761	1249762	1.48
chr1	1249762	1249763	-1.805
chr1	1249763	1249764	-2.835
chr1	1249764	1249765	-0.032
chr1	1249765	1249766	1.313
chr1	1249766	1249767	-0.059
chr1	1249767	1249768	-0.862
chr1	1249768	1249769	0.02
chr1	1249769	1249770	-0.2
chr1	1249770	1249771	0.128
chr1	1249771	1249772	-2.681
chr1	1249772	1249773	0.082
chr1	1249773	1249774	0.938
chr1	1249774	1249775	0.199
chr1	1249775	1249776	-0.224
chr1	1249776	1249777	-0.843
chr1	1249777	1249778	-2.613
chr1	1249778	1249779	-1.919
chr1	1249779	1249780	-1.11
chr1	1249780	1249781	-2.706
chr1	1249781	1249782	-0.006
chr1	1249782	1249783	-0.988
chr1	1249783	1249784	-0.359
chr1	1249784	1249785	-0.174
chr1	1249785	1249786	-0.974
chr1	1249786	1249787	-0.915
chr1	1249787	1249788	-2.767
chr1	1249788	1249789	-0.026
chr1	1249789	1249790	-1.529
chr1	1249790	1249791	-0.391
chr1	1249791	1249792	-0.831
chr1	1249792	1249793	0.008
chr1	1249793	1249794	0.208
chr1	1249794	1249795	-0.527
chr1	1249795	1249796	-0.983
chr1	1249796	1249797	-1.795
chr1	1249797	1249798	-0.775
chr1	1249798	1249799	1.184
chr1	1249799	1249800	0.054
chr1	1249800	1249801	-0.243
chr1	1249801	1249802	-0.139
chr1	1249802	1249803	-1.681
chr1	1249803	1249804	-0.697
chr1	1249804	1249805	-0.753
chr1	1249805	1249806	-3.183
chr1	1249806	1249807	-1.142
chr1	1249807	1249808	-1.09
chr1	1249808	1249809	-0.034
chr1	1249809	1249810	-2.116
chr1	1249810	1249811	-0.123
chr1	1249811	1249812	0.292
chr1	1249812	1249813	1.321
chr1	1249813	1249814	-0.496
chr1	1249814	1249815	0.03
chr1	1249815	1249816	0.974
chr1	1249816	1249817	-0.142
chr1	1249817	1249818	-0.464
chr1	1249818	1249819	-0.827
chr1	1249819	1249820	0.541
chr1	1249820	1249821	0.379
chr1	1249821	1249822	0.834
chr1	1249822	1249823	1.119
chr1	1249823	1249824	-0.154
chr1	1249824	1249825	-3.321
chr1	1249825	1249826	-0.849
chr1	1249826	1249827	-0.048
chr1	1249827	1249828	-0.362
chr1	1249828	1249829	-3.253
chr1	1249829	1249830	-1.49
chr1	1249830	1249831	-0.263
chr1	1249831	1249832	-0.256
chr1	1249832	1249833	0.653
chr1	1249833	1249834	0.625
chr1	1249834	1249835	0.653
chr1	1249835	1249836	-1.257
chr1	1249836	1249837	0.552
chr1	1249837	1249838	0.526
chr1	1249838	1249839	-0.081
chr1	1249839	1249840	-0.54
chr1	1249840	1249841	0.135
chr1	1249841	1249842	1.17
chr1	1249842	1249843	-0.022
chr1	1249843	1249844	-1.694
chr1	1249844	1249845	0.028
chr1	1249845	1249846	-0.914
chr1	1249846	1249847	-2.398
chr1	1249847	1249848	-0.713
chr1	1249848	1249849	-1.785
chr1	1249849	1249850	0.451
chr1	1249850	1249851	0.232
chr1	1249851	1249852	-1.074
chr1	1249852	1249854	0.542
chr1	1249854	1249855	-0.254
chr1	1249855	1249856	-0.321
chr1	1249856	1249857	0.625
chr1	1249857	1249858	0.542
chr1	1249858	1249859	0.453
chr1	1249859	1249860	0.028
chr1	1249860	1249861	-0.328
chr1	1249861	1249862	-0.041
chr1	1249862	1249863	-0.637
chr1	1249863	1249864	-0.818
chr1	1249864	1249865	-0.744
chr1	1249865	1249866	-1.01
chr1	1249866	1249867	-0.236
chr1	1249867	1249868	-0.581
chr1	1249868	1249869	-0.1
chr1	1249869	1249870	-0.012
chr1	1249870	1249871	-0.63
chr1	1249871	1249872	-0.26
chr1	1249872	1249873	-0.848
chr1	1249873	1249874	-0.145
chr1	1249874	1249875	-0.614
chr1	1249875	1249876	0.471
chr1	1249876	1249877	-1.138
chr1	1249877	1249878	-0.161
chr1	1249878	1249879	-0.717
chr1	1249879	1249880	-3.128
chr1	1249880	1249881	-1.55
chr1	1249881	1249882	-3.924
chr1	1249882	1249883	-0.156
chr1	1249883	1249884	-0.747
chr1	1249884	1249885	-0.662
chr1	1249885	1249886	-2.86
chr1	1249886	1249887	0.191
chr1	1249887	1249888	-0.219
chr1	1249888	1249889	0.441
chr1	1249889	1249890	-0.457
chr1	1249890	1249891	-0.197
chr1	1249891	1249892	-0.761
chr1	1249892	1249893	-0.269
chr1	1249893	1249894	-0.497
chr1	1249894	1249895	-0.349
chr1	1249895	1249896	0.732
chr1	1249896	1249897	-0.222
chr1	1249897	1249898	-0.118
chr1	1249898	1249899	0.273
chr1	1249899	1249900	-0.598
chr1	1249900	1249901	-0.564
chr1	1249901	1249902	0.89
chr1	1249902	1249903	-0.743
chr1	1249903	1249904	1.174
chr1	1249904	1249905	-2.042
chr1	1249905	1249906	-2.623
chr1	1249906	1249907	-0.433
chr1	1249907	1249908	-2.392
chr1	1249908	1249909	-0.59
chr1	1249909	1249910	0.582
chr1	1249910	1249911	-0.062
chr1	1249911	1249912	-0.581
chr1	1249912	1249913	-1.303
chr1	1249913	1249914	-1.744
chr1	1249914	1249915	0.387
chr1	1249915	1249916	-0.325
chr1	1249916	1249917	-0.746
chr1	1249917	1249918	-1.511
chr1	1249918	1249919	-0.949
chr1	1249919	1249920	0.586
chr1	1249920	1249921	-1.99
chr1	1249921	1249922	-2.459
chr1	1249922	1249923	0.797
chr1	1249923	1249924	0.063
chr1	1249924	1249925	-1.276
chr1	1249925	1249926	0.029
chr1	1249926	1249927	-0.511
chr1	1249927	1249928	-1.508
chr1	1249928	1249929	-0.565
chr1	1249929	1249930	-0.513
chr1	1249930	1249931	-0.57
chr1	1249931	1249932	-1.632
chr1	1249932	1249933	-0.574
chr1	1249933	1249934	0.331
chr1	1249934	1249935	0.062
chr1	1249935	1249938	0
chr1	1249938	1249939	-1.226
chr1	1249939	1249940	0.936
chr1	1249940	1249941	-0.147
chr1	1249941	1249942	-0.121
chr1	1249942	1249943	0.212
chr1	1249943	1249944	2.222
chr1	1249944	1249945	0.086
chr1	1249945	1249947	0
chr1	1249947	1249948	-0.504
chr1	1249948	1249949	-0.568
chr1	1249949	1249950	0.105
chr1	1249950	1249951	2.103
chr1	1249951	1249952	-2.868
chr1	1249952	1249953	-0.804
chr1	1249953	1249954	-1.709
chr1	1249954	1249955	-0.64
chr1	1249955	1249956	-1.923
chr1	1249956	1249957	-2.01
chr1	1249957	1249958	0.349
chr1	1249958	1249959	0.374
chr1	1249959	1249960	-2.381
chr1	1249960	1249961	0.165
chr1	1249961	1249962	-0.526
chr1	1249962	1249963	-0.062
chr1	1249963	1249964	0.11
chr1	1249964	1249965	0.186
chr1	1249965	1249966	-0.257
chr1	1249966	1249967	-0.468
chr1	1249967	1249968	-0.783
chr1	1249968	1249969	-0.451
chr1	1249969	1249970	0.562
chr1	1249970	1249971	-0.673
chr1	1249971	1249972	-0.006
chr1	1249972	1249973	2.631
chr1	1249973	1249974	-0.195
chr1	1249974	1249975	-0.674
chr1	1249975	1249976	0.116
chr1	1249976	1249977	-0.298
chr1	1249977	1249978	-0.839
chr1	1249978	1249979	-0.46
chr1	1249979	1249980	0.689
chr1	1249980	1249981	0.279
chr1	1249981	1249982	-0.141
chr1	1249982	1249983	0.192
chr1	1249983	1249984	-0.319
chr1	1249984	1249985	0.593
chr1	1249985	1249986	-0.1
chr1	1249986	1249987	-0.16
chr1	1249987	1249988	-0.187
chr1	1249988	1249989	-0.358
chr1	1249989	1249990	-0.391
chr1	1249990	1249991	-0.234
chr1	1249991	1249992	-1.255
chr1	1249992	1249993	0.398
chr1	1249993	1249994	-0.359
chr1	1249994	1249995	-2.355
chr1	1249995	1249996	-0.373
chr1	1249996	1249997	-2.487
chr1	1249997	1249998	-1.286
chr1	1249998	1249999	-1.925
chr1	1249999	1250000	0.234
chr1	1250000	1250001	-0.543
chr1	1250001	1250002	0.008
chr1	1250002	1250003	-0.687
chr1	1250003	1250004	0.155
chr1	1250004	1250005	-0.355
chr1	1250005	1250006	-1.865
chr1	1250006	1250007	-2.799
chr1	1250007	1250008	-1.923
chr1	1250008	1250009	-1.393
chr1	1250009	1250010	0.884
chr1	1250010	1250011	-1.097
chr1	1250011	1250012	-1.02
chr1	1250012	1250013	-2.302
chr1	1250013	1250014	-1.1
chr1	1250014	1250015	0.086
chr1	1250015	1250016	0.496
chr1	1250016	1250017	0.322
chr1	1250017	1250018	-0.595
chr1	1250018	1250019	0.091
chr1	1250019	1250020	0.027
chr1	1250020	1250021	0.409
chr1	1250021	1250022	-0.394
chr1	1250022	1250023	0.445
chr1	1250023	1250024	1.467
chr1	1250024	1250025	-0.002
chr1	1250025	1250026	0.237
chr1	1250026	1250027	0.14
chr1	1250027	1250028	1.597
chr1	1250028	1250029	0.276
chr1	1250029	1250030	-1.653
chr1	1250030	1250031	-1.141
chr1	1250031	1250032	0.046
chr1	1250032	1250033	0.676
chr1	1250033	1250034	0.343
chr1	1250034	1250035	0.712
chr1	1250035	1250036	-0.037
chr1	1250036	1250037	-0.621
chr1	1250037	1250038	-0.016
chr1	1250038	1250039	-0.901
chr1	1250039	1250040	-0.439
chr1	1250040	1250041	-0.472
chr1	1250041	1250042	-0.204
chr1	1250042	1250043	0.241
chr1	1250043	1250044	0.211
chr1	1250044	1250045	-1.314
chr1	1250045	1250046	-0.875
chr1	1250046	1250047	0.15
chr1	1250047	1250048	-1.183
chr1	1250048	1250049	-0.464
chr1	1250049	1250050	-0.047
chr1	1250050	1250051	-0.514
chr1	1250051	1250052	-0.78
chr1	1250052	1250053	-0.195
chr1	1250053	1250054	-0.071
chr1	1250054	1250055	-1.859
chr1	1250055	1250056	-0.448
chr1	1250056	1250057	0.29
chr1	1250057	1250058	-0.793
chr1	1250058	1250059	0.139
chr1	1250059	1250060	0.574
chr1	1250060	1250061	-1.149
chr1	1250061	1250062	0.166
chr1	1250062	1250063	0.009
chr1	1250063	1250064	0.118
chr1	1250064	1250065	-0.677
chr1	1250065	1250066	0.474
chr1	1250066	1250067	-0.629
chr1	1250067	1250068	0.383
chr1	1250068	1250069	-1.56
chr1	1250069	1250070	-0.4
chr1	1250070	1250071	-0.118
chr1	1250071	1250072	0.085
chr1	1250072	1250073	1.703
chr1	1250073	1250074	-0.972
chr1	1250074	1250075	-0.12
chr1	1250075	1250076	-0.514
chr1	1250076	1250077	0.404
chr1	1250077	1250078	0.131
chr1	1250078	1250079	-0.669
chr1	1250079	1250080	-0.166
chr1	1250080	1250081	-0.608
chr1	1250081	1250082	-1.861
chr1	1250082	1250083	-2.049
chr1	1250083	1250084	0.288
chr1	1250084	1250085	2.794
chr1	1250085	1250086	1.478
chr1	1250086	1250087	-0.673
chr1	1250087	1250088	0.492
chr1	1250088	1250089	-0.096
chr1	1250089	1250090	0.274
chr1	1250090	1250091	-0.177
chr1	1250091	1250092	-0.406
chr1	1250092	1250093	-0.02
chr1	1250093	1250094	-0.372
chr1	1250094	1250095	-1.707
chr1	1250095	1250096	0.412
chr1	1250096	1250097	-0.116
chr1	1250097	1250098	0.03
chr1	1250098	1250099	-0.144
chr1	1250099	1250100	-0.952
chr1	1250100	1250101	-0.057
chr1	1250101	1250102	0.47
chr1	1250102	1250103	-0.39
chr1	1250103	1250104	-1.82
chr1	1250104	1250105	-1.993
chr1	1250105	1250106	-1.492
chr1	1250106	1250107	-0.441
chr1	1250107	1250108	1.118
chr1	1250108	1250109	1.92
chr1	1250109	1250110	-1.311
chr1	1250110	1250111	-0.703
chr1	1250111	1250112	0.056
chr1	1250112	1250113	-0.136
chr1	1250113	1250114	-0.864
chr1	1250114	1250115	-0.163
chr1	1250115	1250116	0.535
chr1	1250116	1250117	-0.513
chr1	1250117	1250118	-1.476
chr1	1250118	1250119	0.141
chr1	1250119	1250120	-1.33
chr1	1250120	1250121	-0.493
chr1	1250121	1250122	-0.204
chr1	1250122	1250123	-0.902
chr1	1250123	1250124	0.286
chr1	1250124	1250125	-1.575
chr1	1250125	1250126	-0.222
chr1	1250126	1250127	-0.287
chr1	1250127	1250128	-0.336
chr1	1250128	1250129	-1.808
chr1	1250129	1250130	-0.032
chr1	1250130	1250131	-0.752
chr1	1250131	1250132	-0.009
chr1	1250132	1250133	-2.002
chr1	1250133	1250134	-2.727
chr1	1250134	1250135	-0.073
chr1	1250135	1250136	2.503
chr1	1250136	1250137	-0.338
chr1	1250137	1250138	-0.976
chr1	1250138	1250139	-2.744
chr1	1250139	1250140	-1.606
chr1	1250140	1250141	0.249
chr1	1250141	1250142	-0.423
chr1	1250142	1250143	0.586
chr1	1250143	1250144	-1.374
chr1	1250144	1250145	0.107
chr1	1250145	1250146	0.013
chr1	1250146	1250147	-0.641
chr1	1250147	1250148	-0.09
chr1	1250148	1250149	-1.41
chr1	1250149	1250150	0.583
chr1	1250150	1250151	1.115
chr1	1250151	1250152	-0.581
chr1	1250152	1250153	-0.268
chr1	1250153	1250154	-0.568
chr1	1250154	1250155	0.636
chr1	1250155	1250156	0.878
chr1	1250156	1250157	-2.588
chr1	1250157	1250158	0.527
chr1	1250158	1250159	-0.858
chr1	1250159	1250160	-0.137
chr1	1250160	1250161	-3.507
chr1	1250161	1250162	-1.496
chr1	1250162	1250163	-1.548
chr1	1250163	1250164	0.045
chr1	1250164	1250165	-1.112
chr1	1250165	1250166	-0.101
chr1	1250166	1250167	-0.29
chr1	1250167	1250168	0.356
chr1	1250168	1250169	0.029
chr1	1250169	1250170	-0.077
chr1	1250170	1250171	-0.173
chr1	1250171	1250172	-0.857
chr1	1250172	1250173	0.048
chr1	1250173	1250174	0.117
chr1	1250174	1250175	-0.379
chr1	1250175	1250176	0.139
chr1	1250176	1250177	0.002
chr1	1250177	1250178	-2.405
chr1	1250178	1250179	-4.062
chr1	1250179	1250180	-1.76
chr1	1250180	1250181	-0.34
chr1	1250181	1250182	-0.232
chr1	1250182	1250183	-0.104
chr1	1250183	1250184	-1.16
chr1	1250184	1250185	-3.97
chr1	1250185	1250186	-2.729
chr1	1250186	1250187	-1.434
chr1	1250187	1250188	0.065
chr1	1250188	1250189	0.183
chr1	1250189	1250190	-0.15
chr1	1250190	1250191	-0.404
chr1	1250191	1250192	-0.598
chr1	1250192	1250193	-5.728
chr1	1250193	1250194	-0.606
chr1	1250194	1250195	-2.114
chr1	1250195	1250196	-0.135
chr1	1250196	1250197	0.015
chr1	1250197	1250198	-3.905
chr1	1250198	1250199	0.309
chr1	1250199	1250200	-0.353
chr1	1250200	1250201	1.847
chr1	1250201	1250202	8.749
chr1	1250202	1250203	7.314
