chr1	987025	987026	5.761
chr1	987026	987027	6.098
chr1	987027	987028	2.502
chr1	987028	987029	5.378
chr1	987029	987030	7.478
chr1	987030	987031	-0.467
chr1	987031	987032	-0.109
chr1	987032	987033	-0.997
chr1	987033	987034	1.167
chr1	987034	987035	1.679
chr1	987035	987036	0.644
chr1	987036	987037	0.216
chr1	987037	987038	-0.232
chr1	987038	987039	0.057
chr1	987039	987040	-2.703
chr1	987040	987041	-2.381
chr1	987041	987042	-0.012
chr1	987042	987043	-0.133
chr1	987043	987044	-1.753
chr1	987044	987045	-0.63
chr1	987045	987046	-3.214
chr1	987046	987047	0.143
chr1	987047	987048	0.921
chr1	987048	987049	2.255
chr1	987049	987050	0.971
chr1	987050	987051	-2.111
chr1	987051	987052	-1.893
chr1	987052	987053	-1.387
chr1	987053	987054	1.173
chr1	987054	987055	0.76
chr1	987055	987056	1.638
chr1	987056	987057	-1.773
chr1	987057	987058	-0.316
chr1	987058	987059	0.149
chr1	987059	987060	-1.903
chr1	987060	987061	-2.052
chr1	987061	987062	-0.34
chr1	987062	987063	-0.871
chr1	987063	987064	-0.322
chr1	987064	987065	-1.003
chr1	987065	987066	-1.764
chr1	987066	987067	-1.833
chr1	987067	987068	-0.05
chr1	987068	987069	-0.456
chr1	987069	987070	-0.582
chr1	987070	987071	-0.67
chr1	987071	987072	-0.287
chr1	987072	987073	-0.49
chr1	987073	987074	-0.283
chr1	987074	987075	-0.592
chr1	987075	987076	-0.391
chr1	987076	987077	0.275
chr1	987077	987078	0.313
chr1	987078	987079	0.965
chr1	987079	987080	0.955
chr1	987080	987081	1.157
chr1	987081	987082	-0.078
chr1	987082	987083	-3.272
chr1	987083	987084	-0.378
chr1	987084	987085	-2.34
chr1	987085	987086	0.25
chr1	987086	987087	0.135
chr1	987087	987088	0.251
chr1	987088	987089	-0.006
chr1	987089	987090	0.494
chr1	987090	987091	-0.031
chr1	987091	987092	0.296
chr1	987092	987093	-0.299
chr1	987093	987094	-1.75
chr1	987094	987095	-1.298
chr1	987095	987096	-1.407
chr1	987096	987097	-0.01
chr1	987097	987098	0.021
chr1	987098	987099	-0.081
chr1	987099	987100	0.44
chr1	987100	987101	0.422
chr1	987101	987102	1.209
chr1	987102	987103	0.379
chr1	987103	987104	-1.426
chr1	987104	987105	1.636
chr1	987105	987106	4.03
chr1	987106	987107	7.134
